amb_space 14
inhom_inequalities 196
1 0 0 0 0 0 0 0 0 0 0 0 0 0 -1
0 1 0 0 0 0 0 0 0 0 0 0 0 0 -1
0 0 1 0 0 0 0 0 0 0 0 0 0 0 -1
0 0 0 1 0 0 0 0 0 0 0 0 0 0 -1
0 0 0 0 1 0 0 0 0 0 0 0 0 0 -1
0 0 0 0 0 1 0 0 0 0 0 0 0 0 -1
0 0 0 0 0 0 1 0 0 0 0 0 0 0 -1
0 0 0 0 0 0 0 1 0 0 0 0 0 0 -1
0 0 0 0 0 0 0 0 1 0 0 0 0 0 -1
0 0 0 0 0 0 0 0 0 1 0 0 0 0 -1
0 0 0 0 0 0 0 0 0 0 1 0 0 0 -1
0 0 0 0 0 0 0 0 0 0 0 1 0 0 -1
0 0 0 0 0 0 0 0 0 0 0 0 1 0 -1
0 0 0 0 0 0 0 0 0 0 0 0 0 1 -1
2 -1 0 0 0 0 0 0 0 0 0 0 0 0 0
1 1 -1 0 0 0 0 0 0 0 0 0 0 0 0
1 0 1 -1 0 0 0 0 0 0 0 0 0 0 0
1 0 0 1 -1 0 0 0 0 0 0 0 0 0 0
1 0 0 0 1 -1 0 0 0 0 0 0 0 0 0
1 0 0 0 0 1 -1 0 0 0 0 0 0 0 0
1 0 0 0 0 0 1 -1 0 0 0 0 0 0 0
1 0 0 0 0 0 0 1 -1 0 0 0 0 0 0
1 0 0 0 0 0 0 0 1 -1 0 0 0 0 0
1 0 0 0 0 0 0 0 0 1 -1 0 0 0 0
1 0 0 0 0 0 0 0 0 0 1 -1 0 0 0
1 0 0 0 0 0 0 0 0 0 0 1 -1 0 0
1 0 0 0 0 0 0 0 0 0 0 0 1 -1 0
1 1 -1 0 0 0 0 0 0 0 0 0 0 0 0
0 2 0 -1 0 0 0 0 0 0 0 0 0 0 0
0 1 1 0 -1 0 0 0 0 0 0 0 0 0 0
0 1 0 1 0 -1 0 0 0 0 0 0 0 0 0
0 1 0 0 1 0 -1 0 0 0 0 0 0 0 0
0 1 0 0 0 1 0 -1 0 0 0 0 0 0 0
0 1 0 0 0 0 1 0 -1 0 0 0 0 0 0
0 1 0 0 0 0 0 1 0 -1 0 0 0 0 0
0 1 0 0 0 0 0 0 1 0 -1 0 0 0 0
0 1 0 0 0 0 0 0 0 1 0 -1 0 0 0
0 1 0 0 0 0 0 0 0 0 1 0 -1 0 0
0 1 0 0 0 0 0 0 0 0 0 1 0 -1 0
-1 1 0 0 0 0 0 0 0 0 0 0 0 1 1
1 0 1 -1 0 0 0 0 0 0 0 0 0 0 0
0 1 1 0 -1 0 0 0 0 0 0 0 0 0 0
0 0 2 0 0 -1 0 0 0 0 0 0 0 0 0
0 0 1 1 0 0 -1 0 0 0 0 0 0 0 0
0 0 1 0 1 0 0 -1 0 0 0 0 0 0 0
0 0 1 0 0 1 0 0 -1 0 0 0 0 0 0
0 0 1 0 0 0 1 0 0 -1 0 0 0 0 0
0 0 1 0 0 0 0 1 0 0 -1 0 0 0 0
0 0 1 0 0 0 0 0 1 0 0 -1 0 0 0
0 0 1 0 0 0 0 0 0 1 0 0 -1 0 0
0 0 1 0 0 0 0 0 0 0 1 0 0 -1 0
-1 0 1 0 0 0 0 0 0 0 0 0 1 0 1
0 -1 1 0 0 0 0 0 0 0 0 0 0 1 1
1 0 0 1 -1 0 0 0 0 0 0 0 0 0 0
0 1 0 1 0 -1 0 0 0 0 0 0 0 0 0
0 0 1 1 0 0 -1 0 0 0 0 0 0 0 0
0 0 0 2 0 0 0 -1 0 0 0 0 0 0 0
0 0 0 1 1 0 0 0 -1 0 0 0 0 0 0
0 0 0 1 0 1 0 0 0 -1 0 0 0 0 0
0 0 0 1 0 0 1 0 0 0 -1 0 0 0 0
0 0 0 1 0 0 0 1 0 0 0 -1 0 0 0
0 0 0 1 0 0 0 0 1 0 0 0 -1 0 0
0 0 0 1 0 0 0 0 0 1 0 0 0 -1 0
-1 0 0 1 0 0 0 0 0 0 0 1 0 0 1
0 -1 0 1 0 0 0 0 0 0 0 0 1 0 1
0 0 -1 1 0 0 0 0 0 0 0 0 0 1 1
1 0 0 0 1 -1 0 0 0 0 0 0 0 0 0
0 1 0 0 1 0 -1 0 0 0 0 0 0 0 0
0 0 1 0 1 0 0 -1 0 0 0 0 0 0 0
0 0 0 1 1 0 0 0 -1 0 0 0 0 0 0
0 0 0 0 2 0 0 0 0 -1 0 0 0 0 0
0 0 0 0 1 1 0 0 0 0 -1 0 0 0 0
0 0 0 0 1 0 1 0 0 0 0 -1 0 0 0
0 0 0 0 1 0 0 1 0 0 0 0 -1 0 0
0 0 0 0 1 0 0 0 1 0 0 0 0 -1 0
-1 0 0 0 1 0 0 0 0 0 1 0 0 0 1
0 -1 0 0 1 0 0 0 0 0 0 1 0 0 1
0 0 -1 0 1 0 0 0 0 0 0 0 1 0 1
0 0 0 -1 1 0 0 0 0 0 0 0 0 1 1
1 0 0 0 0 1 -1 0 0 0 0 0 0 0 0
0 1 0 0 0 1 0 -1 0 0 0 0 0 0 0
0 0 1 0 0 1 0 0 -1 0 0 0 0 0 0
0 0 0 1 0 1 0 0 0 -1 0 0 0 0 0
0 0 0 0 1 1 0 0 0 0 -1 0 0 0 0
0 0 0 0 0 2 0 0 0 0 0 -1 0 0 0
0 0 0 0 0 1 1 0 0 0 0 0 -1 0 0
0 0 0 0 0 1 0 1 0 0 0 0 0 -1 0
-1 0 0 0 0 1 0 0 0 1 0 0 0 0 1
0 -1 0 0 0 1 0 0 0 0 1 0 0 0 1
0 0 -1 0 0 1 0 0 0 0 0 1 0 0 1
0 0 0 -1 0 1 0 0 0 0 0 0 1 0 1
0 0 0 0 -1 1 0 0 0 0 0 0 0 1 1
1 0 0 0 0 0 1 -1 0 0 0 0 0 0 0
0 1 0 0 0 0 1 0 -1 0 0 0 0 0 0
0 0 1 0 0 0 1 0 0 -1 0 0 0 0 0
0 0 0 1 0 0 1 0 0 0 -1 0 0 0 0
0 0 0 0 1 0 1 0 0 0 0 -1 0 0 0
0 0 0 0 0 1 1 0 0 0 0 0 -1 0 0
0 0 0 0 0 0 2 0 0 0 0 0 0 -1 0
-1 0 0 0 0 0 1 0 1 0 0 0 0 0 1
0 -1 0 0 0 0 1 0 0 1 0 0 0 0 1
0 0 -1 0 0 0 1 0 0 0 1 0 0 0 1
0 0 0 -1 0 0 1 0 0 0 0 1 0 0 1
0 0 0 0 -1 0 1 0 0 0 0 0 1 0 1
0 0 0 0 0 -1 1 0 0 0 0 0 0 1 1
1 0 0 0 0 0 0 1 -1 0 0 0 0 0 0
0 1 0 0 0 0 0 1 0 -1 0 0 0 0 0
0 0 1 0 0 0 0 1 0 0 -1 0 0 0 0
0 0 0 1 0 0 0 1 0 0 0 -1 0 0 0
0 0 0 0 1 0 0 1 0 0 0 0 -1 0 0
0 0 0 0 0 1 0 1 0 0 0 0 0 -1 0
-1 0 0 0 0 0 0 2 0 0 0 0 0 0 1
0 -1 0 0 0 0 0 1 1 0 0 0 0 0 1
0 0 -1 0 0 0 0 1 0 1 0 0 0 0 1
0 0 0 -1 0 0 0 1 0 0 1 0 0 0 1
0 0 0 0 -1 0 0 1 0 0 0 1 0 0 1
0 0 0 0 0 -1 0 1 0 0 0 0 1 0 1
0 0 0 0 0 0 -1 1 0 0 0 0 0 1 1
1 0 0 0 0 0 0 0 1 -1 0 0 0 0 0
0 1 0 0 0 0 0 0 1 0 -1 0 0 0 0
0 0 1 0 0 0 0 0 1 0 0 -1 0 0 0
0 0 0 1 0 0 0 0 1 0 0 0 -1 0 0
0 0 0 0 1 0 0 0 1 0 0 0 0 -1 0
-1 0 0 0 0 0 1 0 1 0 0 0 0 0 1
0 -1 0 0 0 0 0 1 1 0 0 0 0 0 1
0 0 -1 0 0 0 0 0 2 0 0 0 0 0 1
0 0 0 -1 0 0 0 0 1 1 0 0 0 0 1
0 0 0 0 -1 0 0 0 1 0 1 0 0 0 1
0 0 0 0 0 -1 0 0 1 0 0 1 0 0 1
0 0 0 0 0 0 -1 0 1 0 0 0 1 0 1
0 0 0 0 0 0 0 -1 1 0 0 0 0 1 1
1 0 0 0 0 0 0 0 0 1 -1 0 0 0 0
0 1 0 0 0 0 0 0 0 1 0 -1 0 0 0
0 0 1 0 0 0 0 0 0 1 0 0 -1 0 0
0 0 0 1 0 0 0 0 0 1 0 0 0 -1 0
-1 0 0 0 0 1 0 0 0 1 0 0 0 0 1
0 -1 0 0 0 0 1 0 0 1 0 0 0 0 1
0 0 -1 0 0 0 0 1 0 1 0 0 0 0 1
0 0 0 -1 0 0 0 0 1 1 0 0 0 0 1
0 0 0 0 -1 0 0 0 0 2 0 0 0 0 1
0 0 0 0 0 -1 0 0 0 1 1 0 0 0 1
0 0 0 0 0 0 -1 0 0 1 0 1 0 0 1
0 0 0 0 0 0 0 -1 0 1 0 0 1 0 1
0 0 0 0 0 0 0 0 -1 1 0 0 0 1 1
1 0 0 0 0 0 0 0 0 0 1 -1 0 0 0
0 1 0 0 0 0 0 0 0 0 1 0 -1 0 0
0 0 1 0 0 0 0 0 0 0 1 0 0 -1 0
-1 0 0 0 1 0 0 0 0 0 1 0 0 0 1
0 -1 0 0 0 1 0 0 0 0 1 0 0 0 1
0 0 -1 0 0 0 1 0 0 0 1 0 0 0 1
0 0 0 -1 0 0 0 1 0 0 1 0 0 0 1
0 0 0 0 -1 0 0 0 1 0 1 0 0 0 1
0 0 0 0 0 -1 0 0 0 1 1 0 0 0 1
0 0 0 0 0 0 -1 0 0 0 2 0 0 0 1
0 0 0 0 0 0 0 -1 0 0 1 1 0 0 1
0 0 0 0 0 0 0 0 -1 0 1 0 1 0 1
0 0 0 0 0 0 0 0 0 -1 1 0 0 1 1
1 0 0 0 0 0 0 0 0 0 0 1 -1 0 0
0 1 0 0 0 0 0 0 0 0 0 1 0 -1 0
-1 0 0 1 0 0 0 0 0 0 0 1 0 0 1
0 -1 0 0 1 0 0 0 0 0 0 1 0 0 1
0 0 -1 0 0 1 0 0 0 0 0 1 0 0 1
0 0 0 -1 0 0 1 0 0 0 0 1 0 0 1
0 0 0 0 -1 0 0 1 0 0 0 1 0 0 1
0 0 0 0 0 -1 0 0 1 0 0 1 0 0 1
0 0 0 0 0 0 -1 0 0 1 0 1 0 0 1
0 0 0 0 0 0 0 -1 0 0 1 1 0 0 1
0 0 0 0 0 0 0 0 -1 0 0 2 0 0 1
0 0 0 0 0 0 0 0 0 -1 0 1 1 0 1
0 0 0 0 0 0 0 0 0 0 -1 1 0 1 1
1 0 0 0 0 0 0 0 0 0 0 0 1 -1 0
-1 0 1 0 0 0 0 0 0 0 0 0 1 0 1
0 -1 0 1 0 0 0 0 0 0 0 0 1 0 1
0 0 -1 0 1 0 0 0 0 0 0 0 1 0 1
0 0 0 -1 0 1 0 0 0 0 0 0 1 0 1
0 0 0 0 -1 0 1 0 0 0 0 0 1 0 1
0 0 0 0 0 -1 0 1 0 0 0 0 1 0 1
0 0 0 0 0 0 -1 0 1 0 0 0 1 0 1
0 0 0 0 0 0 0 -1 0 1 0 0 1 0 1
0 0 0 0 0 0 0 0 -1 0 1 0 1 0 1
0 0 0 0 0 0 0 0 0 -1 0 1 1 0 1
0 0 0 0 0 0 0 0 0 0 -1 0 2 0 1
0 0 0 0 0 0 0 0 0 0 0 -1 1 1 1
-1 1 0 0 0 0 0 0 0 0 0 0 0 1 1
0 -1 1 0 0 0 0 0 0 0 0 0 0 1 1
0 0 -1 1 0 0 0 0 0 0 0 0 0 1 1
0 0 0 -1 1 0 0 0 0 0 0 0 0 1 1
0 0 0 0 -1 1 0 0 0 0 0 0 0 1 1
0 0 0 0 0 -1 1 0 0 0 0 0 0 1 1
0 0 0 0 0 0 -1 1 0 0 0 0 0 1 1
0 0 0 0 0 0 0 -1 1 0 0 0 0 1 1
0 0 0 0 0 0 0 0 -1 1 0 0 0 1 1
0 0 0 0 0 0 0 0 0 -1 1 0 0 1 1
0 0 0 0 0 0 0 0 0 0 -1 1 0 1 1
0 0 0 0 0 0 0 0 0 0 0 -1 1 1 1
0 0 0 0 0 0 0 0 0 0 0 0 -1 2 1