amb_space 17
FaceLattice
inequalities 144
2 -1 0 0 0 0 0 0 0 0 0 0 0 0 0 0 0
1 1 -1 0 0 0 0 0 0 0 0 0 0 0 0 0 0
1 0 1 -1 0 0 0 0 0 0 0 0 0 0 0 0 0
1 0 0 1 -1 0 0 0 0 0 0 0 0 0 0 0 0
1 0 0 0 1 -1 0 0 0 0 0 0 0 0 0 0 0
1 0 0 0 0 1 -1 0 0 0 0 0 0 0 0 0 0
1 0 0 0 0 0 1 -1 0 0 0 0 0 0 0 0 0
1 0 0 0 0 0 0 1 -1 0 0 0 0 0 0 0 0
1 0 0 0 0 0 0 0 1 -1 0 0 0 0 0 0 0
1 0 0 0 0 0 0 0 0 1 -1 0 0 0 0 0 0
1 0 0 0 0 0 0 0 0 0 1 -1 0 0 0 0 0
1 0 0 0 0 0 0 0 0 0 0 1 -1 0 0 0 0
1 0 0 0 0 0 0 0 0 0 0 0 1 -1 0 0 0
1 0 0 0 0 0 0 0 0 0 0 0 0 1 -1 0 0
1 0 0 0 0 0 0 0 0 0 0 0 0 0 1 -1 0
1 0 0 0 0 0 0 0 0 0 0 0 0 0 0 1 -1
0 2 0 -1 0 0 0 0 0 0 0 0 0 0 0 0 0
0 1 1 0 -1 0 0 0 0 0 0 0 0 0 0 0 0
0 1 0 1 0 -1 0 0 0 0 0 0 0 0 0 0 0
0 1 0 0 1 0 -1 0 0 0 0 0 0 0 0 0 0
0 1 0 0 0 1 0 -1 0 0 0 0 0 0 0 0 0
0 1 0 0 0 0 1 0 -1 0 0 0 0 0 0 0 0
0 1 0 0 0 0 0 1 0 -1 0 0 0 0 0 0 0
0 1 0 0 0 0 0 0 1 0 -1 0 0 0 0 0 0
0 1 0 0 0 0 0 0 0 1 0 -1 0 0 0 0 0
0 1 0 0 0 0 0 0 0 0 1 0 -1 0 0 0 0
0 1 0 0 0 0 0 0 0 0 0 1 0 -1 0 0 0
0 1 0 0 0 0 0 0 0 0 0 0 1 0 -1 0 0
0 1 0 0 0 0 0 0 0 0 0 0 0 1 0 -1 0
0 1 0 0 0 0 0 0 0 0 0 0 0 0 1 0 -1
-1 1 0 0 0 0 0 0 0 0 0 0 0 0 0 0 1
0 0 2 0 0 -1 0 0 0 0 0 0 0 0 0 0 0
0 0 1 1 0 0 -1 0 0 0 0 0 0 0 0 0 0
0 0 1 0 1 0 0 -1 0 0 0 0 0 0 0 0 0
0 0 1 0 0 1 0 0 -1 0 0 0 0 0 0 0 0
0 0 1 0 0 0 1 0 0 -1 0 0 0 0 0 0 0
0 0 1 0 0 0 0 1 0 0 -1 0 0 0 0 0 0
0 0 1 0 0 0 0 0 1 0 0 -1 0 0 0 0 0
0 0 1 0 0 0 0 0 0 1 0 0 -1 0 0 0 0
0 0 1 0 0 0 0 0 0 0 1 0 0 -1 0 0 0
0 0 1 0 0 0 0 0 0 0 0 1 0 0 -1 0 0
0 0 1 0 0 0 0 0 0 0 0 0 1 0 0 -1 0
0 0 1 0 0 0 0 0 0 0 0 0 0 1 0 0 -1
-1 0 1 0 0 0 0 0 0 0 0 0 0 0 0 1 0
0 -1 1 0 0 0 0 0 0 0 0 0 0 0 0 0 1
0 0 0 2 0 0 0 -1 0 0 0 0 0 0 0 0 0
0 0 0 1 1 0 0 0 -1 0 0 0 0 0 0 0 0
0 0 0 1 0 1 0 0 0 -1 0 0 0 0 0 0 0
0 0 0 1 0 0 1 0 0 0 -1 0 0 0 0 0 0
0 0 0 1 0 0 0 1 0 0 0 -1 0 0 0 0 0
0 0 0 1 0 0 0 0 1 0 0 0 -1 0 0 0 0
0 0 0 1 0 0 0 0 0 1 0 0 0 -1 0 0 0
0 0 0 1 0 0 0 0 0 0 1 0 0 0 -1 0 0
0 0 0 1 0 0 0 0 0 0 0 1 0 0 0 -1 0
0 0 0 1 0 0 0 0 0 0 0 0 1 0 0 0 -1
-1 0 0 1 0 0 0 0 0 0 0 0 0 0 1 0 0
0 -1 0 1 0 0 0 0 0 0 0 0 0 0 0 1 0
0 0 -1 1 0 0 0 0 0 0 0 0 0 0 0 0 1
0 0 0 0 2 0 0 0 0 -1 0 0 0 0 0 0 0
0 0 0 0 1 1 0 0 0 0 -1 0 0 0 0 0 0
0 0 0 0 1 0 1 0 0 0 0 -1 0 0 0 0 0
0 0 0 0 1 0 0 1 0 0 0 0 -1 0 0 0 0
0 0 0 0 1 0 0 0 1 0 0 0 0 -1 0 0 0
0 0 0 0 1 0 0 0 0 1 0 0 0 0 -1 0 0
0 0 0 0 1 0 0 0 0 0 1 0 0 0 0 -1 0
0 0 0 0 1 0 0 0 0 0 0 1 0 0 0 0 -1
-1 0 0 0 1 0 0 0 0 0 0 0 0 1 0 0 0
0 -1 0 0 1 0 0 0 0 0 0 0 0 0 1 0 0
0 0 -1 0 1 0 0 0 0 0 0 0 0 0 0 1 0
0 0 0 -1 1 0 0 0 0 0 0 0 0 0 0 0 1
0 0 0 0 0 2 0 0 0 0 0 -1 0 0 0 0 0
0 0 0 0 0 1 1 0 0 0 0 0 -1 0 0 0 0
0 0 0 0 0 1 0 1 0 0 0 0 0 -1 0 0 0
0 0 0 0 0 1 0 0 1 0 0 0 0 0 -1 0 0
0 0 0 0 0 1 0 0 0 1 0 0 0 0 0 -1 0
0 0 0 0 0 1 0 0 0 0 1 0 0 0 0 0 -1
-1 0 0 0 0 1 0 0 0 0 0 0 1 0 0 0 0
0 -1 0 0 0 1 0 0 0 0 0 0 0 1 0 0 0
0 0 -1 0 0 1 0 0 0 0 0 0 0 0 1 0 0
0 0 0 -1 0 1 0 0 0 0 0 0 0 0 0 1 0
0 0 0 0 -1 1 0 0 0 0 0 0 0 0 0 0 1
0 0 0 0 0 0 2 0 0 0 0 0 0 -1 0 0 0
0 0 0 0 0 0 1 1 0 0 0 0 0 0 -1 0 0
0 0 0 0 0 0 1 0 1 0 0 0 0 0 0 -1 0
0 0 0 0 0 0 1 0 0 1 0 0 0 0 0 0 -1
-1 0 0 0 0 0 1 0 0 0 0 1 0 0 0 0 0
0 -1 0 0 0 0 1 0 0 0 0 0 1 0 0 0 0
0 0 -1 0 0 0 1 0 0 0 0 0 0 1 0 0 0
0 0 0 -1 0 0 1 0 0 0 0 0 0 0 1 0 0
0 0 0 0 -1 0 1 0 0 0 0 0 0 0 0 1 0
0 0 0 0 0 -1 1 0 0 0 0 0 0 0 0 0 1
0 0 0 0 0 0 0 2 0 0 0 0 0 0 0 -1 0
0 0 0 0 0 0 0 1 1 0 0 0 0 0 0 0 -1
-1 0 0 0 0 0 0 1 0 0 1 0 0 0 0 0 0
0 -1 0 0 0 0 0 1 0 0 0 1 0 0 0 0 0
0 0 -1 0 0 0 0 1 0 0 0 0 1 0 0 0 0
0 0 0 -1 0 0 0 1 0 0 0 0 0 1 0 0 0
0 0 0 0 -1 0 0 1 0 0 0 0 0 0 1 0 0
0 0 0 0 0 -1 0 1 0 0 0 0 0 0 0 1 0
0 0 0 0 0 0 -1 1 0 0 0 0 0 0 0 0 1
-1 0 0 0 0 0 0 0 1 1 0 0 0 0 0 0 0
0 -1 0 0 0 0 0 0 1 0 1 0 0 0 0 0 0
0 0 -1 0 0 0 0 0 1 0 0 1 0 0 0 0 0
0 0 0 -1 0 0 0 0 1 0 0 0 1 0 0 0 0
0 0 0 0 -1 0 0 0 1 0 0 0 0 1 0 0 0
0 0 0 0 0 -1 0 0 1 0 0 0 0 0 1 0 0
0 0 0 0 0 0 -1 0 1 0 0 0 0 0 0 1 0
0 0 0 0 0 0 0 -1 1 0 0 0 0 0 0 0 1
0 -1 0 0 0 0 0 0 0 2 0 0 0 0 0 0 0
0 0 -1 0 0 0 0 0 0 1 1 0 0 0 0 0 0
0 0 0 -1 0 0 0 0 0 1 0 1 0 0 0 0 0
0 0 0 0 -1 0 0 0 0 1 0 0 1 0 0 0 0
0 0 0 0 0 -1 0 0 0 1 0 0 0 1 0 0 0
0 0 0 0 0 0 -1 0 0 1 0 0 0 0 1 0 0
0 0 0 0 0 0 0 -1 0 1 0 0 0 0 0 1 0
0 0 0 0 0 0 0 0 -1 1 0 0 0 0 0 0 1
0 0 0 -1 0 0 0 0 0 0 2 0 0 0 0 0 0
0 0 0 0 -1 0 0 0 0 0 1 1 0 0 0 0 0
0 0 0 0 0 -1 0 0 0 0 1 0 1 0 0 0 0
0 0 0 0 0 0 -1 0 0 0 1 0 0 1 0 0 0
0 0 0 0 0 0 0 -1 0 0 1 0 0 0 1 0 0
0 0 0 0 0 0 0 0 -1 0 1 0 0 0 0 1 0
0 0 0 0 0 0 0 0 0 -1 1 0 0 0 0 0 1
0 0 0 0 0 -1 0 0 0 0 0 2 0 0 0 0 0
0 0 0 0 0 0 -1 0 0 0 0 1 1 0 0 0 0
0 0 0 0 0 0 0 -1 0 0 0 1 0 1 0 0 0
0 0 0 0 0 0 0 0 -1 0 0 1 0 0 1 0 0
0 0 0 0 0 0 0 0 0 -1 0 1 0 0 0 1 0
0 0 0 0 0 0 0 0 0 0 -1 1 0 0 0 0 1
0 0 0 0 0 0 0 -1 0 0 0 0 2 0 0 0 0
0 0 0 0 0 0 0 0 -1 0 0 0 1 1 0 0 0
0 0 0 0 0 0 0 0 0 -1 0 0 1 0 1 0 0
0 0 0 0 0 0 0 0 0 0 -1 0 1 0 0 1 0
0 0 0 0 0 0 0 0 0 0 0 -1 1 0 0 0 1
0 0 0 0 0 0 0 0 0 -1 0 0 0 2 0 0 0
0 0 0 0 0 0 0 0 0 0 -1 0 0 1 1 0 0
0 0 0 0 0 0 0 0 0 0 0 -1 0 1 0 1 0
0 0 0 0 0 0 0 0 0 0 0 0 -1 1 0 0 1
0 0 0 0 0 0 0 0 0 0 0 -1 0 0 2 0 0
0 0 0 0 0 0 0 0 0 0 0 0 -1 0 1 1 0
0 0 0 0 0 0 0 0 0 0 0 0 0 -1 1 0 1
0 0 0 0 0 0 0 0 0 0 0 0 0 -1 0 2 0
0 0 0 0 0 0 0 0 0 0 0 0 0 0 -1 1 1
0 0 0 0 0 0 0 0 0 0 0 0 0 0 0 -1 2
