amb_space 6
number_field min_poly (a^2 - a - 1) embedding [1.618033988749895 +/- 0.1]
cone 190
  0  0  0  1  6 (a)
  0  0  0  1 21 (a)
  0  0  0  2 21 (a)
  0  0  0 16  6 (a)
  0  0  0 16  7 (a)
  0  0  1 17  5 (a)
  0  0  2 17  4 (a)
  0  0  3  1 18 (a)
  0  0  3  2 18 (a)
  0  0  4  1  2 (a)
  0  0  4 15  2 (a)
  0  0  4 16  3 (a)
  0  0  5 15  2 (a)
  0  0  9  1  6 (a)
  0  0 10  1  2 (a)
  0  0 10  1  3 (a)
  0  0 10  2  4 (a)
  0  0 10  9  4 (a)
  0  0 10 10  2 (a)
  0  0 10 10  3 (a)
  0  1  0  1 21 (a)
  0  1  0 17  5 (a)
  0  1  1  1 20 (a)
  0  1  4 16  2 (a)
  0  1  9 11  2 (a)
  0  2  0  1  4 (a)
  0  2  0  1 20 (a)
  0  2  2  1  2 (a)
  0  2  2 17  2 (a)
  0  3  0  2  3 (a)
  0  3  0 17  3 (a)
  0  3  1  2  2 (a-1/10)
  0  3  1 17  2 (a-1/10)
  0  7  0  1  4 (a-1/10)
  0  7  0  1 10 (a-1/10)
  0  7  2  1  2 (a-1/10)
  0  7  2  1  6 (a-1/10)
  0  7  3  1  2 (a-1/10)
  0  7  3  1  3 (a-1/10)
  0  8  0  2  3 (a-1/10)
  0  8  1  2  2 (a-1/10)
  0  8  2  2  4 (a-1/10)
  0  9  1  3  2 (a-1/10)
  0  9  1 11  2 (a-1/10)
  0 10  0  4  3 (a-1/10)
  0 10  0  4  4 (a-1/10)
  0 10  0  9  4 (a-1/10)
  0 10  0 10  3 (a-1/10)
  1  0  0  0  6 (a-1/10)
  1  0  0  0 21 (a-1/10)
  1  0  0 16  6 (a-1/10)
  1  0  3  0 18 (a-1/10)
  1  0  4 16  2 (a-1/10)
  1  0  5  0  1 (a-1/10)
  1  0  5 15  1 (a-1/10)
  1  0  9  0  6 (a-1/10)
  1  0 10  0  1 (a-1/10)
  1  0 10  0  3 (a-1/10)
  1  0 10 10  1 (a-1/10)
  1  1  0  0  5 (a-1/10)
  1  1  0  0 21 (a-1/10)
  1  1  1  0 20 (a-1/10)
  1  1  4  0  1 (a-1/10)
  1  1  4 16  1 (a-1/10)
  1  1  9 11  1 (a-1/10)
  1  2  0  0 20 (a-1/10)
  1  3  2  2  1 (a-1/10)
  1  3  2 16  1 (a-1/10)
  1  5  0  0  5 (a-1/10)
  1  5  0  0 14 (a-1/10)
  1  5  4  0  1 (a-1/10)
  1  5  4  0  6 (a-1/10)
  1  5  5  0  1 (a-1/10)
  1  5  5  0  3 (a-1/10)
  1  7  2  2  1 (a-1/10)
  1  8  2  3  1 (a-1/10)
  1  8  2 11  1 (a-1/10)
  1 10  0  5  3 (a-1/10)
  1 10  0  5  4 (a-1/10)
  1 10  0  8  4 (a-1/10)
  1 10  0  9  3 (a-1/10)
  2  0  0  0 21 (a-1/10)
  2  0  3  0 18 (a-1/10)
  2  0  6  0  0 (a-1/10)
  2  0  6 14  0 (a-1/10)
  2  0  9 11  0 (a-1/10)
  2  0 10  0  0 (a-1/10)
  2  0 10  0  4 (a-1/10)
  2  0 10  9  0 (a-1/10)
  2  0 10 10  1 (a-1/10)
  2  1  5  0  0 (a-1/10)
  2  1  5 15  0 (a-1/10)
  2  1  8 12  0 (a-1/10)
  2  2  4  1  0 (a-1/10)
  2  2  4 15  0 (a-1/10)
  2  2  8 11  0 (a-1/10)
  2  3  0  0 18 (a-1/10)
  2  4  0  0 16 (a-1/10)
  2  4  5  0  0 (a-1/10)
  2  4  6  0  0 (a-1/10)
  2  4  6  0  4 (a-1/10)
  2  5  4  1  0 (a-1/10)
  2  6  4  2  0 (a-1/10)
  2  6  4 11  0 (a-1/10)
  2  8  2  4  1 (a-1/10)
  2  8  2 10  1 (a-1/10)
  2  9  0  5  6 (a-1/10)
  2  9  0  6  6 (a-1/10)
  2  9  1  5  2 (a-1/10)
  2  9  1  9  2 (a-1/10)
  3  0  6 14  0 (a-1/10)
  3  0  9 11  0 (a-1/10)
  3  0 10  0  0 (a-1/10)
  3  3  0  0 17 (a-1/10)
  3  3  1  0 16 (a-1/10)
  3  3  7  0  0 (a-1/10)
  3  8  0  5  7 (a-1/10)
  3  8  1  5  6 (a-1/10)
  4  0 10  9  0 (a-1/10)
  4  1  0  0  5 (a-1/10)
  4  2  0  0  5 (a-1/10)
  4  6  4  4  0 (a-1/10)
  4  6  4  9  0 (a-1/10)
  4  7  3  5  4 (a-1/10)
  5  0  0  0  6 (a-1/10)
  5  0  0  0 18 (a-1/10)
  5  1  0  0 17 (a-1/10)
  5  1  1  0  4 (a-1/10)
  5  1  5  0  0 (a-1/10)
  5  2  0  1  4 (a-1/10)
  5  2  4  1  0 (a-1/10)
  5  3  0  2  3 (a-1/10)
  5  3  2  2  1 (a-1/10)
  6  0  0  0  7 (a-1/10)
  6  0  0  0 16 (a-1/10)
  6  0  1  0  5 (a-1/10)
  6  0  1  0 16 (a-1/10)
  6  0  6  0  0 (a-1/10)
  6  0  7  0  0 (a-1/10)
  6  0  7  0 10 (a-1/10)
  6  0 10  0  3 (a-1/10)
  6  0 10  0  4 (a-1/10)
  6  0 10  1  0 (a-1/10)
  6  1  9  1  0 (a-1/10)
  6  5  5  5  0 (a-1/10)
  6  5  5  7  0 (a-1/10)
  7  0  0  1  6 (a-1/10)
  7  0  0  1 15 (a-1/10)
  7  0  9  1  0 (a-1/10)
  7  0  9  1  6 (a-1/10)
  7  0 10  1  1 (a-1/100)
  7  0 10  1  4 (a-1/100)
  7  0 10  2  4 (a-1/100)
  7  1  9  2  4 (a-1/100)
  7  3  2  4  1 (a-1/100)
  7  3  2 10  1 (a-1/100)
  8  0  0  2  6 (a-1/100)
  8  0  0  2 13 (a-1/100)
  8  0  0  9  6 (a-1/100)
  8  0 10  2  0 (a-1/100)
  8  0 10  2  3 (a-1/100)
  8  2  4  4  0 (a-1/100)
  8  2  4  9  0 (a-1/100)
  8  3  0  5  3 (a-1/100)
  8  3  0  9  3 (a-1/100)
  8  3  1  5  2 (a-1/100)
  8  3  1  9  2 (a-1/100)
  8  3  7  5  0 (a-1/100)
  9  0 10  3  0 (a-1/100)
  9  0 10  3  1 (a-1/100)
  9  0 10  4  0 (a-1/100)
  9  1  0  4  5 (a-1/100)
  9  1  0  4  9 (a-1/100)
  9  1  0  8  5 (a-1/100)
  9  1  9  4  0 (a-1/100)
  9  2  0  5  4 (a-1/100)
  9  2  0  5  7 (a-1/100)
  9  2  0  8  4 (a-1/100)
 10  0  9  4  0 (a-1/100)
 10  1  1  5  4 (a-1/100)
 10  1  1  5  6 (a-1/100)
 10  1  1  7  4 (a-1/100)
 10  1  5  5  0 (a-1/100)
 10  1  5  7  0 (a-1/100)
 11  0  3  5  3 (a-1/100)
 11  0  3  5  4 (a-1/100)
 11  0  3  6  3 (a-1/100)
 11  0  6  5  0 (a-1/100)
 11  0  6  6  0 (a-1/100)
 11  0  7  5  0 (a-1/100)
grading 
unit_vector 6
LatticePoints
Volume