amb_space 25
equations 11
1 1 1 1 1 -1 -1 -1 -1 -1  0  0  0  0  0  0  0  0  0  0  0  0  0  0  0
1 1 1 1 1  0  0  0  0  0 -1 -1 -1 -1 -1  0  0  0  0  0  0  0  0  0  0
1 1 1 1 1  0  0  0  0  0  0  0  0  0  0 -1 -1 -1 -1 -1  0  0  0  0  0
1 1 1 1 1  0  0  0  0  0  0  0  0  0  0  0  0  0  0  0 -1 -1 -1 -1 -1
0 1 1 1 1 -1  0  0  0  0 -1  0  0  0  0 -1  0  0  0  0 -1  0  0  0  0
1 0 1 1 1  0 -1  0  0  0  0 -1  0  0  0  0 -1  0  0  0  0 -1  0  0  0
1 1 0 1 1  0  0 -1  0  0  0  0 -1  0  0  0  0 -1  0  0  0  0 -1  0  0
1 1 1 0 1  0  0  0 -1  0  0  0  0 -1  0  0  0  0 -1  0  0  0  0 -1  0
1 1 1 1 0  0  0  0  0 -1  0  0  0  0 -1  0  0  0  0 -1  0  0  0  0 -1
0 1 1 1 1  0 -1  0  0  0  0  0 -1  0  0  0  0  0 -1  0  0  0  0  0 -1
1 1 1 1 0  0  0  0 -1  0  0  0 -1  0  0  0 -1  0  0  0 -1  0  0  0  0
grading
1 1 1 1 1 0 0 0 0 0 0 0 0 0 0 0 0 0 0 0 0 0 0 0 0
IsGorenstein

