amb_space 17
cone_and_lattice 384
1 1 1 1 1 1 1 1 1 1 1 1 1 1 1 1 1
0 1 1 1 1 1 1 1 1 1 1 1 1 1 1 1 1
1 0 1 1 1 1 1 1 1 1 1 1 1 1 1 1 1
1 1 0 1 1 1 1 1 1 1 1 1 1 1 1 1 1
1 1 1 0 1 1 1 1 1 1 1 1 1 1 1 1 1
1 0 1 1 0 1 1 1 1 1 1 1 1 1 1 1 1
0 1 0 1 1 1 1 1 1 1 1 1 1 1 1 1 1
0 1 1 0 1 1 1 1 1 1 1 1 1 1 1 1 1
0 1 1 1 1 0 1 1 1 1 1 1 1 1 1 1 1
1 1 0 1 1 1 0 1 1 1 1 1 1 1 1 1 1
1 0 1 0 1 1 1 1 1 1 1 1 1 1 1 1 1
1 0 1 1 1 1 0 1 1 1 1 1 1 1 1 1 1
1 1 1 0 1 1 1 0 1 1 1 1 1 1 1 1 1
1 1 0 1 1 1 1 0 1 1 1 1 1 1 1 1 1
0 1 1 1 0 0 1 1 1 1 1 1 1 1 1 1 1
1 1 0 1 1 1 0 1 0 1 1 1 1 1 1 1 1
1 0 1 0 0 1 1 1 1 1 1 1 1 1 1 1 1
1 0 1 1 0 1 0 1 1 1 1 1 1 1 1 1 1
0 1 1 0 1 1 1 0 1 1 1 1 1 1 1 1 1
0 1 0 1 1 1 1 0 1 1 1 1 1 1 1 1 1
1 0 1 1 0 0 1 1 1 1 1 1 1 1 1 1 1
0 1 0 1 1 1 1 1 1 0 1 1 1 1 1 1 1
0 1 1 0 1 0 1 1 1 1 1 1 1 1 1 1 1
1 0 0 1 1 1 0 1 1 1 1 1 1 1 1 1 1
1 1 1 0 1 1 1 0 1 1 0 1 1 1 1 1 1
1 1 0 1 1 1 0 0 1 1 1 1 1 1 1 1 1
0 1 1 1 1 0 1 1 1 0 1 1 1 1 1 1 1
1 0 1 0 1 1 1 1 1 1 0 1 1 1 1 1 1
1 1 0 0 1 1 1 0 1 1 1 1 1 1 1 1 1
1 0 1 1 1 1 0 1 1 1 0 1 1 1 1 1 1
0 0 1 1 0 0 1 1 1 1 1 1 1 1 1 1 1
0 1 0 1 1 1 1 1 0 0 1 1 1 1 1 1 1
0 1 1 0 0 0 1 1 1 1 1 1 1 1 1 1 1
1 0 0 1 1 1 0 1 0 1 1 1 1 1 1 1 1
1 1 1 0 1 1 1 0 1 1 0 0 1 1 1 1 1
1 1 0 1 1 1 0 0 0 1 1 1 1 1 1 1 1
0 1 1 1 0 0 1 1 1 0 1 1 1 1 1 1 1
1 0 1 0 0 1 1 1 1 1 0 1 1 1 1 1 1
0 1 0 0 1 1 1 0 1 1 1 1 1 1 1 1 1
1 0 1 1 0 1 0 1 1 1 0 1 1 1 1 1 1
1 1 0 1 1 1 0 1 0 0 1 1 1 1 1 1 1
1 0 1 0 0 0 1 1 1 1 1 1 1 1 1 1 1
1 0 1 1 0 1 0 1 1 1 1 1 0 1 1 1 1
0 1 1 0 1 1 1 0 1 1 1 1 1 0 1 1 1
0 1 0 1 1 1 1 0 1 0 1 1 1 1 1 1 1
0 1 0 1 1 0 1 1 1 0 1 1 1 1 1 1 1
1 0 1 0 1 1 1 0 1 1 0 1 1 1 1 1 1
1 1 0 0 1 1 1 0 1 1 0 1 1 1 1 1 1
1 0 0 1 1 1 0 1 1 1 0 1 1 1 1 1 1
1 0 1 1 0 0 1 1 1 1 1 1 0 1 1 1 1
0 1 1 0 1 0 1 1 1 1 1 1 1 0 1 1 1
1 1 0 1 1 1 0 0 1 1 0 1 1 1 1 1 1
1 0 1 0 1 1 0 1 1 1 0 1 1 1 1 1 1
0 1 1 1 1 0 1 1 1 0 1 1 1 0 1 1 1
0 1 0 1 1 1 0 1 0 0 1 1 1 1 1 1 1
0 0 1 0 0 0 1 1 1 1 1 1 1 1 1 1 1
1 0 1 1 0 1 0 1 0 1 1 1 0 1 1 1 1
0 1 1 0 1 1 1 0 1 1 1 0 1 0 1 1 1
0 1 0 1 1 1 1 0 0 0 1 1 1 1 1 1 1
0 1 0 1 1 0 1 1 0 0 1 1 1 1 1 1 1
1 0 1 0 1 1 1 0 1 1 0 0 1 1 1 1 1
1 1 0 0 1 1 1 0 1 1 0 0 1 1 1 1 1
1 0 0 1 1 1 0 1 0 1 0 1 1 1 1 1 1
0 0 1 1 0 0 1 1 1 1 1 1 0 1 1 1 1
0 1 1 0 0 0 1 1 1 1 1 1 1 0 1 1 1
1 1 0 1 1 1 0 0 0 1 0 1 1 1 1 1 1
1 0 1 0 0 1 0 1 1 1 0 1 1 1 1 1 1
0 1 1 1 0 0 1 1 1 0 1 1 1 0 1 1 1
1 0 0 1 1 1 0 1 0 1 1 1 0 1 1 1 1
1 1 1 0 1 1 1 0 1 1 0 0 1 0 1 1 1
1 1 0 1 1 1 0 0 0 0 1 1 1 1 1 1 1
0 1 1 1 0 0 1 1 1 0 1 1 0 1 1 1 1
1 0 1 0 0 1 1 1 1 1 0 1 1 1 0 1 1
0 1 0 0 1 1 1 0 1 1 1 1 1 0 1 1 1
1 0 1 1 0 1 0 1 1 1 0 1 0 1 1 1 1
1 0 1 1 0 0 0 1 1 1 1 1 0 1 1 1 1
0 1 1 0 1 0 1 0 1 1 1 1 1 0 1 1 1
1 1 0 0 1 1 0 0 1 1 0 1 1 1 1 1 1
1 0 1 0 1 1 0 0 1 1 0 1 1 1 1 1 1
0 1 0 1 1 0 1 1 1 0 1 1 1 0 1 1 1
1 1 0 1 1 1 0 1 0 0 1 1 0 1 1 1 1
1 0 1 0 0 0 1 1 1 1 1 1 1 1 0 1 1
0 1 0 1 1 1 1 0 1 0 1 1 1 0 1 1 1
1 0 0 1 1 1 0 0 1 1 0 1 1 1 1 1 1
0 1 1 0 1 0 1 1 1 0 1 1 1 0 1 1 1
1 0 1 1 0 0 1 1 1 1 1 1 0 1 0 1 1
1 0 0 1 0 1 0 1 0 1 1 1 0 1 1 1 1
0 1 1 0 1 1 1 0 1 1 0 0 1 0 1 1 1
0 1 0 1 1 1 0 0 0 0 1 1 1 1 1 1 1
0 1 1 1 0 0 1 1 0 0 1 1 0 1 1 1 1
1 0 1 0 0 1 1 1 1 1 0 0 1 1 0 1 1
0 1 0 0 1 1 1 0 1 1 1 0 1 0 1 1 1
1 0 1 1 0 1 0 1 0 1 0 1 0 1 1 1 1
1 0 1 1 0 0 0 1 0 1 1 1 0 1 1 1 1
0 1 1 0 1 0 1 0 1 1 1 0 1 0 1 1 1
1 1 0 0 1 1 0 0 1 1 0 0 1 1 1 1 1
1 0 1 0 1 1 0 0 1 1 0 0 1 1 1 1 1
0 1 0 1 1 0 1 1 0 0 1 1 1 0 1 1 1
0 1 0 1 1 1 0 1 0 0 1 1 0 1 1 1 1
0 0 1 0 0 0 1 1 1 1 1 1 1 1 0 1 1
0 1 0 1 1 1 1 0 0 0 1 1 1 0 1 1 1
1 0 0 1 1 1 0 0 0 1 0 1 1 1 1 1 1
0 1 1 0 0 0 1 1 1 0 1 1 1 0 1 1 1
0 0 1 1 0 0 1 1 1 1 1 1 0 1 0 1 1
0 1 0 1 1 0 1 1 0 0 1 1 0 1 1 1 1
1 0 1 0 1 1 1 0 1 1 0 0 1 1 0 1 1
1 1 0 0 1 1 1 0 1 1 0 0 1 0 1 1 1
1 0 0 1 1 1 0 1 0 1 0 1 0 1 1 1 1
0 0 1 1 0 0 1 1 1 0 1 1 0 1 1 1 1
0 1 1 0 0 0 1 1 1 1 1 1 1 0 0 1 1
1 1 0 1 1 1 0 0 0 1 0 1 1 1 1 0 1
1 0 1 0 0 1 0 1 1 1 0 1 1 1 0 1 1
0 1 1 1 0 0 1 1 1 0 1 1 0 0 1 1 1
1 0 0 1 1 1 0 1 0 0 1 1 0 1 1 1 1
1 0 1 0 0 0 1 1 1 1 0 1 1 1 0 1 1
0 1 0 0 1 1 1 0 1 0 1 1 1 0 1 1 1
1 0 0 0 1 1 0 0 1 1 0 1 1 1 1 1 1
0 1 1 0 1 0 1 0 1 0 1 1 1 0 1 1 1
1 0 1 1 0 0 0 1 1 1 1 1 0 1 0 1 1
1 1 1 0 1 1 1 0 1 1 0 0 1 0 0 1 1
1 1 0 1 1 1 0 0 0 0 1 1 1 1 1 0 1
1 0 1 1 0 1 0 1 1 1 0 1 0 1 0 1 1
0 1 0 1 1 0 1 0 1 0 1 1 1 0 1 1 1
1 0 1 0 0 0 1 1 1 1 1 1 0 1 0 1 1
1 1 0 1 1 1 0 1 0 0 1 1 0 1 1 0 1
0 1 0 1 0 0 1 1 0 0 1 1 0 1 1 1 1
1 0 1 0 0 1 1 0 1 1 0 0 1 1 0 1 1
0 1 0 0 1 1 1 0 1 1 0 0 1 0 1 1 1
1 0 0 1 0 1 0 1 0 1 0 1 0 1 1 1 1
0 0 1 1 0 0 1 1 0 0 1 1 0 1 1 1 1
0 1 1 0 0 0 1 1 1 1 1 0 1 0 0 1 1
1 1 0 1 1 1 0 0 0 1 0 0 1 1 1 0 1
1 0 1 0 0 1 0 1 1 1 0 0 1 1 0 1 1
0 1 1 1 0 0 1 1 0 0 1 1 0 0 1 1 1
1 0 0 1 0 1 0 1 0 0 1 1 0 1 1 1 1
1 0 1 0 0 0 1 1 1 1 0 0 1 1 0 1 1
0 1 0 0 1 1 1 0 1 0 1 0 1 0 1 1 1
1 0 0 0 1 1 0 0 1 1 0 0 1 1 1 1 1
0 1 1 0 1 0 1 0 1 0 1 0 1 0 1 1 1
1 0 1 1 0 0 0 1 0 1 1 1 0 1 0 1 1
0 1 1 0 1 1 1 0 1 1 0 0 1 0 0 1 1
0 1 0 1 1 1 0 0 0 0 1 1 1 1 1 0 1
1 0 1 1 0 1 0 1 0 1 0 1 0 1 0 1 1
0 1 0 1 1 0 1 0 0 0 1 1 1 0 1 1 1
0 0 1 0 0 0 1 1 1 1 1 1 0 1 0 1 1
0 1 0 1 1 1 0 1 0 0 1 1 0 1 1 0 1
1 0 1 1 0 0 0 1 0 0 1 1 0 1 1 1 1
0 1 1 0 1 0 1 0 1 1 1 0 1 0 0 1 1
1 1 0 0 1 1 0 0 1 1 0 0 1 1 1 0 1
1 0 1 0 1 1 0 0 1 1 0 0 1 1 0 1 1
0 1 0 1 1 0 1 1 0 0 1 1 0 0 1 1 1
0 1 0 1 1 0 0 1 0 0 1 1 0 1 1 1 1
0 0 1 0 0 0 1 1 1 1 1 1 1 0 0 1 1
0 1 0 1 1 1 1 0 0 0 1 1 1 0 1 0 1
1 0 0 1 1 1 0 0 0 1 0 1 1 1 1 0 1
0 1 1 0 0 0 1 1 1 0 1 1 1 0 0 1 1
0 0 1 1 0 0 1 1 1 0 1 1 0 1 0 1 1
1 0 1 0 1 1 1 0 1 1 0 0 1 0 0 1 1
1 1 0 1 1 1 0 0 0 0 0 1 1 1 1 0 1
1 0 1 0 0 1 0 1 1 1 0 1 0 1 0 1 1
0 1 0 0 1 0 1 0 1 0 1 1 1 0 1 1 1
1 0 1 0 0 0 1 1 1 1 0 1 0 1 0 1 1
1 0 0 1 1 1 0 1 0 0 1 1 0 1 1 0 1
1 1 0 0 1 1 1 0 1 1 0 0 1 0 1 0 1
1 0 0 1 1 1 0 1 0 1 0 1 0 1 1 0 1
0 1 1 1 0 0 1 1 1 0 1 1 0 0 0 1 1
1 0 1 1 0 0 0 1 1 1 0 1 0 1 0 1 1
1 1 0 1 1 1 0 0 0 0 1 1 0 1 1 0 1
1 1 1 0 1 1 1 0 1 1 0 0 1 0 0 0 1
0 0 1 1 0 0 0 1 0 0 1 1 0 1 1 1 1
0 1 1 0 0 0 1 0 1 1 1 0 1 0 0 1 1
1 1 0 0 1 1 0 0 0 1 0 0 1 1 1 0 1
1 0 1 0 0 1 0 0 1 1 0 0 1 1 0 1 1
0 1 0 1 0 0 1 1 0 0 1 1 0 0 1 1 1
0 1 0 1 0 0 0 1 0 0 1 1 0 1 1 1 1
0 0 1 0 0 0 1 1 1 1 1 0 1 0 0 1 1
0 1 0 1 1 1 1 0 0 0 1 0 1 0 1 0 1
1 0 0 1 1 1 0 0 0 1 0 0 1 1 1 0 1
0 1 1 0 0 0 1 1 1 0 1 0 1 0 0 1 1
0 0 1 1 0 0 1 1 0 0 1 1 0 1 0 1 1
1 0 1 0 0 1 1 0 1 1 0 0 1 0 0 1 1
1 1 0 1 1 1 0 0 0 0 0 0 1 1 1 0 1
1 0 1 0 0 1 0 1 1 1 0 0 0 1 0 1 1
0 1 0 0 1 0 1 0 1 0 1 0 1 0 1 1 1
1 0 1 0 0 0 1 1 1 1 0 0 0 1 0 1 1
1 0 0 1 0 1 0 1 0 0 1 1 0 1 1 0 1
0 1 0 0 1 1 1 0 1 1 0 0 1 0 1 0 1
1 0 0 1 0 1 0 1 0 1 0 1 0 1 1 0 1
0 1 1 1 0 0 1 1 0 0 1 1 0 0 0 1 1
1 0 1 1 0 0 0 1 0 1 0 1 0 1 0 1 1
0 1 0 1 1 1 0 0 0 0 1 1 0 1 1 0 1
0 1 1 0 1 1 1 0 1 1 0 0 1 0 0 0 1
1 0 0 1 0 0 0 1 0 0 1 1 0 1 1 1 1
1 0 1 0 0 0 1 1 1 1 0 0 1 0 0 1 1
0 1 0 0 1 1 1 0 1 0 1 0 1 0 1 0 1
1 0 0 0 1 1 0 0 1 1 0 0 1 1 1 0 1
0 1 1 0 1 0 1 0 1 0 1 0 1 0 0 1 1
1 0 1 1 0 0 0 1 0 0 1 1 0 1 0 1 1
0 1 1 0 1 0 1 0 1 1 0 0 1 0 0 1 1
0 1 0 1 1 1 0 0 0 0 1 1 1 0 1 0 1
1 0 1 1 0 1 0 1 0 1 0 1 0 1 0 0 1
0 1 0 1 1 0 1 0 0 0 1 1 1 0 1 0 1
0 0 1 0 0 0 1 1 1 1 1 1 0 0 0 1 1
0 1 0 1 1 0 0 1 0 0 1 1 0 1 1 0 1
1 1 0 0 1 1 0 0 1 1 0 0 1 0 1 0 1
1 0 0 1 1 1 0 0 0 1 0 1 0 1 1 0 1
0 1 1 0 0 0 1 1 1 0 1 1 0 0 0 1 1
1 0 1 0 0 0 0 1 1 1 0 1 0 1 0 1 1
1 1 0 1 1 1 0 0 0 0 0 1 0 1 1 0 1
1 0 1 0 1 1 1 0 1 1 0 0 1 0 0 0 1
1 0 1 0 1 1 0 0 1 1 0 0 1 1 0 0 1
0 1 0 1 1 0 1 1 0 0 1 1 0 0 1 0 1
0 0 1 1 0 0 1 1 1 0 1 1 0 0 0 1 1
1 0 0 1 1 1 0 1 0 0 0 1 0 1 1 0 1
1 1 0 0 1 1 1 0 1 1 0 0 1 0 0 0 1
0 0 0 1 0 0 0 1 0 0 1 1 0 1 1 1 1
0 0 1 0 0 0 1 1 1 1 0 0 1 0 0 1 1
0 1 0 0 1 1 1 0 0 0 1 0 1 0 1 0 1
1 0 0 0 1 1 0 0 0 1 0 0 1 1 1 0 1
0 1 1 0 0 0 1 0 1 0 1 0 1 0 0 1 1
0 0 1 1 0 0 0 1 0 0 1 1 0 1 0 1 1
0 1 1 0 0 0 1 0 1 1 0 0 1 0 0 1 1
0 1 0 1 1 1 0 0 0 0 1 0 1 0 1 0 1
1 0 1 1 0 1 0 1 0 1 0 0 0 1 0 0 1
0 1 0 1 1 0 1 0 0 0 1 0 1 0 1 0 1
0 0 1 0 0 0 1 1 1 1 1 0 0 0 0 1 1
0 1 0 1 0 0 0 1 0 0 1 1 0 1 1 0 1
1 1 0 0 1 1 0 0 0 1 0 0 1 0 1 0 1
1 0 0 1 1 1 0 0 0 1 0 0 0 1 1 0 1
0 1 1 0 0 0 1 1 1 0 1 0 0 0 0 1 1
1 0 1 0 0 0 0 1 1 1 0 0 0 1 0 1 1
1 1 0 1 1 1 0 0 0 0 0 0 0 1 1 0 1
1 0 1 0 0 1 1 0 1 1 0 0 1 0 0 0 1
1 0 1 0 0 1 0 0 1 1 0 0 1 1 0 0 1
0 1 0 1 0 0 1 1 0 0 1 1 0 0 1 0 1
0 0 1 1 0 0 1 1 0 0 1 1 0 0 0 1 1
1 0 0 1 0 1 0 1 0 0 0 1 0 1 1 0 1
0 1 0 0 1 1 1 0 1 1 0 0 1 0 0 0 1
1 0 1 0 0 0 1 0 1 1 0 0 1 0 0 1 1
1 1 0 1 1 1 0 0 0 0 0 0 1 0 1 0 1
1 0 1 0 0 1 0 1 1 1 0 0 0 1 0 0 1
0 1 0 0 1 0 1 0 1 0 1 0 1 0 1 0 1
1 0 1 0 0 0 1 1 1 1 0 0 0 0 0 1 1
1 0 0 1 0 0 0 1 0 0 1 1 0 1 1 0 1
0 1 0 0 1 1 1 0 1 0 0 0 1 0 1 0 1
1 0 0 1 0 1 0 1 0 1 0 1 0 1 0 0 1
0 1 1 1 0 0 1 1 0 0 1 1 0 0 0 0 1
1 0 1 1 0 0 0 1 0 1 0 1 0 1 0 0 1
0 1 0 1 1 1 0 0 0 0 1 1 0 0 1 0 1
0 1 1 0 1 0 1 0 1 1 0 0 1 0 0 0 1
1 0 0 0 1 1 0 0 1 1 0 0 1 1 0 0 1
0 1 0 1 1 0 1 0 0 0 1 1 0 0 1 0 1
0 0 1 0 0 0 1 1 1 0 1 1 0 0 0 1 1
1 0 0 1 1 1 0 0 0 0 0 1 0 1 1 0 1
1 1 0 0 1 1 0 0 1 1 0 0 1 0 0 0 1
0 1 1 0 1 0 1 0 1 0 1 0 1 0 0 0 1
1 0 1 1 0 0 0 1 0 0 1 1 0 1 0 0 1
0 1 0 1 1 0 0 1 0 0 1 1 0 0 1 0 1
1 0 1 0 1 1 0 0 1 1 0 0 1 0 0 0 1
0 0 1 0 0 0 1 0 1 1 0 0 1 0 0 1 1
0 1 0 1 1 1 0 0 0 0 0 0 1 0 1 0 1
1 0 1 0 0 1 0 1 0 1 0 0 0 1 0 0 1
0 1 0 0 1 0 1 0 0 0 1 0 1 0 1 0 1
0 0 1 0 0 0 1 1 1 1 0 0 0 0 0 1 1
0 0 0 1 0 0 0 1 0 0 1 1 0 1 1 0 1
0 1 0 0 1 1 1 0 0 0 0 0 1 0 1 0 1
1 0 0 1 0 1 0 1 0 1 0 0 0 1 0 0 1
0 1 1 1 0 0 1 1 0 0 1 0 0 0 0 0 1
1 0 1 1 0 0 0 1 0 1 0 0 0 1 0 0 1
0 1 0 1 1 1 0 0 0 0 1 0 0 0 1 0 1
0 1 1 0 0 0 1 0 1 1 0 0 1 0 0 0 1
1 0 0 0 1 1 0 0 0 1 0 0 1 1 0 0 1
0 1 0 1 1 0 1 0 0 0 1 0 0 0 1 0 1
0 0 1 0 0 0 1 1 1 0 1 0 0 0 0 1 1
1 0 0 1 1 1 0 0 0 0 0 0 0 1 1 0 1
1 1 0 0 1 1 0 0 0 1 0 0 1 0 0 0 1
0 1 1 0 0 0 1 0 1 0 1 0 1 0 0 0 1
0 0 1 1 0 0 0 1 0 0 1 1 0 1 0 0 1
0 1 0 1 0 0 0 1 0 0 1 1 0 0 1 0 1
1 0 1 0 0 1 0 0 1 1 0 0 1 0 0 0 1
1 1 0 0 1 1 0 0 0 0 0 0 1 0 1 0 1
1 0 0 1 1 1 0 0 0 1 0 0 0 1 0 0 1
0 1 1 0 0 0 1 1 1 0 1 0 0 0 0 0 1
1 0 1 0 0 0 0 1 1 1 0 0 0 1 0 0 1
1 1 0 1 1 1 0 0 0 0 0 0 0 0 1 0 1
1 0 1 0 0 0 1 0 1 1 0 0 1 0 0 0 1
1 0 1 0 0 1 0 0 1 1 0 0 0 1 0 0 1
0 1 0 1 0 0 1 1 0 0 1 1 0 0 0 0 1
0 0 1 1 0 0 1 1 0 0 1 1 0 0 0 0 1
1 0 0 1 0 1 0 1 0 0 0 1 0 1 0 0 1
0 1 0 0 1 1 1 0 1 0 0 0 1 0 0 0 1
0 1 0 0 1 0 1 0 1 0 1 0 1 0 0 0 1
1 0 1 1 0 0 0 1 0 0 0 1 0 1 0 0 1
0 1 0 1 1 0 0 0 0 0 1 1 0 0 1 0 1
1 0 0 0 1 1 0 0 1 1 0 0 1 0 0 0 1
1 0 1 0 0 0 1 1 1 1 0 0 0 0 0 0 1
1 0 0 1 0 0 0 1 0 0 1 1 0 1 0 0 1
0 1 1 0 1 0 1 0 1 0 0 0 1 0 0 0 1
0 1 0 0 1 1 0 0 0 0 0 0 1 0 1 0 1
1 0 0 1 0 1 0 0 0 1 0 0 0 1 0 0 1
0 1 1 0 0 0 1 1 0 0 1 0 0 0 0 0 1
1 0 1 0 0 0 0 1 0 1 0 0 0 1 0 0 1
0 1 0 1 1 1 0 0 0 0 0 0 0 0 1 0 1
0 0 1 0 0 0 1 0 1 1 0 0 1 0 0 0 1
1 0 1 0 0 1 0 0 0 1 0 0 0 1 0 0 1
0 1 0 1 0 0 1 1 0 0 1 0 0 0 0 0 1
0 0 1 1 0 0 1 1 0 0 1 0 0 0 0 0 1
1 0 0 1 0 1 0 1 0 0 0 0 0 1 0 0 1
0 1 0 0 1 1 1 0 0 0 0 0 1 0 0 0 1
0 1 0 0 1 0 1 0 0 0 1 0 1 0 0 0 1
1 0 1 1 0 0 0 1 0 0 0 0 0 1 0 0 1
0 1 0 1 1 0 0 0 0 0 1 0 0 0 1 0 1
1 0 0 0 1 1 0 0 0 1 0 0 1 0 0 0 1
0 0 1 0 0 0 1 1 1 1 0 0 0 0 0 0 1
0 0 0 1 0 0 0 1 0 0 1 1 0 1 0 0 1
0 1 1 0 0 0 1 0 1 0 0 0 1 0 0 0 1
1 0 0 0 1 1 0 0 0 1 0 0 0 1 0 0 1
0 1 0 1 1 0 1 0 0 0 1 0 0 0 0 0 1
0 0 1 0 0 0 1 1 1 0 1 0 0 0 0 0 1
1 0 0 1 1 1 0 0 0 0 0 0 0 1 0 0 1
1 1 0 0 1 1 0 0 0 0 0 0 1 0 0 0 1
0 1 1 0 0 0 1 0 1 0 1 0 0 0 0 0 1
0 0 1 1 0 0 0 1 0 0 1 1 0 0 0 0 1
0 1 0 1 0 0 0 1 0 0 1 1 0 0 0 0 1
1 0 1 0 0 1 0 0 1 1 0 0 0 0 0 0 1
1 0 1 0 0 0 0 1 1 1 0 0 0 0 0 0 1
1 0 0 1 0 0 0 1 0 0 0 1 0 1 0 0 1
0 1 0 0 1 0 1 0 1 0 0 0 1 0 0 0 1
1 1 0 1 1 1 0 0 0 0 0 0 0 0 0 0 1
1 0 1 0 0 0 1 0 1 1 0 0 0 0 0 0 1
1 0 0 0 0 1 0 0 0 1 0 0 0 1 0 0 1
0 1 0 1 0 0 1 0 0 0 1 0 0 0 0 0 1
0 0 1 0 0 0 1 1 0 0 1 0 0 0 0 0 1
1 0 0 1 0 1 0 0 0 0 0 0 0 1 0 0 1
0 1 0 0 1 1 0 0 0 0 0 0 1 0 0 0 1
0 1 1 0 0 0 1 0 0 0 1 0 0 0 0 0 1
0 0 1 1 0 0 0 1 0 0 1 0 0 0 0 0 1
0 1 0 1 0 0 0 1 0 0 1 0 0 0 0 0 1
1 0 1 0 0 1 0 0 0 1 0 0 0 0 0 0 1
1 0 1 0 0 0 0 1 0 1 0 0 0 0 0 0 1
1 0 0 1 0 0 0 1 0 0 0 0 0 1 0 0 1
0 1 0 0 1 0 1 0 0 0 0 0 1 0 0 0 1
0 1 0 1 1 1 0 0 0 0 0 0 0 0 0 0 1
0 0 1 0 0 0 1 0 1 1 0 0 0 0 0 0 1
0 1 0 0 1 0 1 0 0 0 1 0 0 0 0 0 1
1 0 1 1 0 0 0 1 0 0 0 0 0 0 0 0 1
0 1 0 1 1 0 0 0 0 0 1 0 0 0 0 0 1
1 0 0 0 1 1 0 0 0 1 0 0 0 0 0 0 1
0 0 1 0 0 0 1 1 1 0 0 0 0 0 0 0 1
0 0 0 1 0 0 0 1 0 0 1 1 0 0 0 0 1
0 1 1 0 0 0 1 0 1 0 0 0 0 0 0 0 1
1 0 0 1 1 1 0 0 0 0 0 0 0 0 0 0 1
1 0 1 0 0 0 0 0 1 1 0 0 0 0 0 0 1
1 1 0 0 1 1 0 0 0 0 0 0 0 0 0 0 1
0 1 0 0 0 0 1 0 0 0 1 0 0 0 0 0 1
0 0 1 1 0 0 0 1 0 0 0 0 0 0 0 0 1
0 1 0 1 0 0 0 0 0 0 1 0 0 0 0 0 1
1 0 0 0 0 1 0 0 0 1 0 0 0 0 0 0 1
0 0 1 0 0 0 1 1 0 0 0 0 0 0 0 0 1
0 0 0 1 0 0 0 1 0 0 1 0 0 0 0 0 1
0 1 1 0 0 0 1 0 0 0 0 0 0 0 0 0 1
1 0 0 1 0 1 0 0 0 0 0 0 0 0 0 0 1
1 0 1 0 0 0 0 0 0 1 0 0 0 0 0 0 1
0 1 0 0 1 1 0 0 0 0 0 0 0 0 0 0 1
1 0 1 0 0 0 0 1 0 0 0 0 0 0 0 0 1
1 0 0 1 0 0 0 1 0 0 0 0 0 0 0 0 1
0 1 0 0 1 0 1 0 0 0 0 0 0 0 0 0 1
0 1 0 1 1 0 0 0 0 0 0 0 0 0 0 0 1
0 0 1 0 0 0 1 0 1 0 0 0 0 0 0 0 1
1 0 0 0 1 1 0 0 0 0 0 0 0 0 0 0 1
0 0 1 0 0 0 0 1 0 0 0 0 0 0 0 0 1
0 0 0 1 0 0 0 1 0 0 0 0 0 0 0 0 1
0 1 0 0 0 0 1 0 0 0 0 0 0 0 0 0 1
0 1 0 1 0 0 0 0 0 0 0 0 0 0 0 0 1
0 0 1 0 0 0 1 0 0 0 0 0 0 0 0 0 1
1 0 0 0 0 1 0 0 0 0 0 0 0 0 0 0 1
1 0 0 1 0 0 0 0 0 0 0 0 0 0 0 0 1
1 0 1 0 0 0 0 0 0 0 0 0 0 0 0 0 1
0 1 0 0 1 0 0 0 0 0 0 0 0 0 0 0 1
0 0 0 1 0 0 0 0 0 0 0 0 0 0 0 0 1
0 0 1 0 0 0 0 0 0 0 0 0 0 0 0 0 1
0 1 0 0 0 0 0 0 0 0 0 0 0 0 0 0 1
1 0 0 0 0 0 0 0 0 0 0 0 0 0 0 0 1
0 0 0 0 0 0 0 0 0 0 0 0 0 0 0 0 1
HilbertBasis
ExploitAutomsVectors
