amb_space 16
constraints 32
0.07595296 0.1511744515 0.1489870903 0.1453649021 0.1403427704 0.133969061 0.1263051564 0.1174248641 0.1074137061 0.09636809547 0.08439440737 0.07160795499 0.05813187886 0.04409596096 0.02963537485 0.01488938388 >= -1/2
0.07595296 0.1453649021 0.1263051564 0.09636809547 0.05813187886 0.01488938388 -0.02963537485 -0.07160795499 -0.1074137061 -0.133969061 -0.1489870903 -0.1511744515 -0.1403427704 -0.1174248641 -0.08439440737 -0.04409596096 >= -1/2
0.07595296 0.133969061 0.08439440737 0.01488938388 -0.05813187886 -0.1174248641 -0.1489870903 -0.1453649021 -0.1074137061 -0.04409596096 0.02963537485 0.09636809547 0.1403427704 0.1511744515 0.1263051564 0.07160795499 >= -1/2
0.07595296 0.1174248641 0.02963537485 -0.07160795499 -0.1403427704 -0.1453649021 -0.08439440737 0.01488938388 0.1074137061 0.1511744515 0.1263051564 0.04409596096 -0.05813187886 -0.133969061 -0.1489870903 -0.09636809547 >= -1/2
0.07595296 0.09636809547 -0.02963537485 -0.133969061 -0.1403427704 -0.04409596096 0.08439440737 0.1511744515 0.1074137061 -0.01488938388 -0.1263051564 -0.1453649021 -0.05813187886 0.07160795499 0.1489870903 0.1174248641 >= -1/2
0.07595296 0.07160795499 -0.08439440737 -0.1511744515 -0.05813187886 0.09636809547 0.1489870903 0.04409596096 -0.1074137061 -0.1453649021 -0.02963537485 0.1174248641 0.1403427704 0.01488938388 -0.1263051564 -0.133969061 >= -1/2
0.07595296 0.04409596096 -0.1263051564 -0.1174248641 0.05813187886 0.1511744515 0.02963537485 -0.133969061 -0.1074137061 0.07160795499 0.1489870903 0.01488938388 -0.1403427704 -0.09636809547 0.08439440737 0.1453649021 >= -1/2
0.07595296 0.01488938388 -0.1489870903 -0.04409596096 0.1403427704 0.07160795499 -0.1263051564 -0.09636809547 0.1074137061 0.1174248641 -0.08439440737 -0.133969061 0.05813187886 0.1453649021 -0.02963537485 -0.1511744515 >= -1/2
0.07595296 -0.01488938388 -0.1489870903 0.04409596096 0.1403427704 -0.07160795499 -0.1263051564 0.09636809547 0.1074137061 -0.1174248641 -0.08439440737 0.133969061 0.05813187886 -0.1453649021 -0.02963537485 0.1511744515 >= -1/2
0.07595296 -0.04409596096 -0.1263051564 0.1174248641 0.05813187886 -0.1511744515 0.02963537485 0.133969061 -0.1074137061 -0.07160795499 0.1489870903 -0.01488938388 -0.1403427704 0.09636809547 0.08439440737 -0.1453649021 >= -1/2
0.07595296 -0.07160795499 -0.08439440737 0.1511744515 -0.05813187886 -0.09636809547 0.1489870903 -0.04409596096 -0.1074137061 0.1453649021 -0.02963537485 -0.1174248641 0.1403427704 -0.01488938388 -0.1263051564 0.133969061 >= -1/2
0.07595296 -0.09636809547 -0.02963537485 0.133969061 -0.1403427704 0.04409596096 0.08439440737 -0.1511744515 0.1074137061 0.01488938388 -0.1263051564 0.1453649021 -0.05813187886 -0.07160795499 0.1489870903 -0.1174248641 >= -1/2
0.07595296 -0.1174248641 0.02963537485 0.07160795499 -0.1403427704 0.1453649021 -0.08439440737 -0.01488938388 0.1074137061 -0.1511744515 0.1263051564 -0.04409596096 -0.05813187886 0.133969061 -0.1489870903 0.09636809547 >= -1/2
0.07595296 -0.133969061 0.08439440737 -0.01488938388 -0.05813187886 0.1174248641 -0.1489870903 0.1453649021 -0.1074137061 0.04409596096 0.02963537485 -0.09636809547 0.1403427704 -0.1511744515 0.1263051564 -0.07160795499 >= -1/2
0.07595296 -0.1453649021 0.1263051564 -0.09636809547 0.05813187886 -0.01488938388 -0.02963537485 0.07160795499 -0.1074137061 0.133969061 -0.1489870903 0.1511744515 -0.1403427704 0.1174248641 -0.08439440737 0.04409596096 >= -1/2
0.07595296 -0.1511744515 0.1489870903 -0.1453649021 0.1403427704 -0.133969061 0.1263051564 -0.1174248641 0.1074137061 -0.09636809547 0.08439440737 -0.07160795499 0.05813187886 -0.04409596096 0.02963537485 -0.01488938388 >= -1/2
0.07595296 0.1511744515 0.1489870903 0.1453649021 0.1403427704 0.133969061 0.1263051564 0.1174248641 0.1074137061 0.09636809547 0.08439440737 0.07160795499 0.05813187886 0.04409596096 0.02963537485 0.01488938388 <= 1/2
0.07595296 0.1453649021 0.1263051564 0.09636809547 0.05813187886 0.01488938388 -0.02963537485 -0.07160795499 -0.1074137061 -0.133969061 -0.1489870903 -0.1511744515 -0.1403427704 -0.1174248641 -0.08439440737 -0.04409596096 <= 1/2
0.07595296 0.133969061 0.08439440737 0.01488938388 -0.05813187886 -0.1174248641 -0.1489870903 -0.1453649021 -0.1074137061 -0.04409596096 0.02963537485 0.09636809547 0.1403427704 0.1511744515 0.1263051564 0.07160795499 <= 1/2
0.07595296 0.1174248641 0.02963537485 -0.07160795499 -0.1403427704 -0.1453649021 -0.08439440737 0.01488938388 0.1074137061 0.1511744515 0.1263051564 0.04409596096 -0.05813187886 -0.133969061 -0.1489870903 -0.09636809547 <= 1/2
0.07595296 0.09636809547 -0.02963537485 -0.133969061 -0.1403427704 -0.04409596096 0.08439440737 0.1511744515 0.1074137061 -0.01488938388 -0.1263051564 -0.1453649021 -0.05813187886 0.07160795499 0.1489870903 0.1174248641 <= 1/2
0.07595296 0.07160795499 -0.08439440737 -0.1511744515 -0.05813187886 0.09636809547 0.1489870903 0.04409596096 -0.1074137061 -0.1453649021 -0.02963537485 0.1174248641 0.1403427704 0.01488938388 -0.1263051564 -0.133969061 <= 1/2
0.07595296 0.04409596096 -0.1263051564 -0.1174248641 0.05813187886 0.1511744515 0.02963537485 -0.133969061 -0.1074137061 0.07160795499 0.1489870903 0.01488938388 -0.1403427704 -0.09636809547 0.08439440737 0.1453649021 <= 1/2
0.07595296 0.01488938388 -0.1489870903 -0.04409596096 0.1403427704 0.07160795499 -0.1263051564 -0.09636809547 0.1074137061 0.1174248641 -0.08439440737 -0.133969061 0.05813187886 0.1453649021 -0.02963537485 -0.1511744515 <= 1/2
0.07595296 -0.01488938388 -0.1489870903 0.04409596096 0.1403427704 -0.07160795499 -0.1263051564 0.09636809547 0.1074137061 -0.1174248641 -0.08439440737 0.133969061 0.05813187886 -0.1453649021 -0.02963537485 0.1511744515 <= 1/2
0.07595296 -0.04409596096 -0.1263051564 0.1174248641 0.05813187886 -0.1511744515 0.02963537485 0.133969061 -0.1074137061 -0.07160795499 0.1489870903 -0.01488938388 -0.1403427704 0.09636809547 0.08439440737 -0.1453649021 <= 1/2
0.07595296 -0.07160795499 -0.08439440737 0.1511744515 -0.05813187886 -0.09636809547 0.1489870903 -0.04409596096 -0.1074137061 0.1453649021 -0.02963537485 -0.1174248641 0.1403427704 -0.01488938388 -0.1263051564 0.133969061 <= 1/2
0.07595296 -0.09636809547 -0.02963537485 0.133969061 -0.1403427704 0.04409596096 0.08439440737 -0.1511744515 0.1074137061 0.01488938388 -0.1263051564 0.1453649021 -0.05813187886 -0.07160795499 0.1489870903 -0.1174248641 <= 1/2
0.07595296 -0.1174248641 0.02963537485 0.07160795499 -0.1403427704 0.1453649021 -0.08439440737 -0.01488938388 0.1074137061 -0.1511744515 0.1263051564 -0.04409596096 -0.05813187886 0.133969061 -0.1489870903 0.09636809547 <= 1/2
0.07595296 -0.133969061 0.08439440737 -0.01488938388 -0.05813187886 0.1174248641 -0.1489870903 0.1453649021 -0.1074137061 0.04409596096 0.02963537485 -0.09636809547 0.1403427704 -0.1511744515 0.1263051564 -0.07160795499 <= 1/2
0.07595296 -0.1453649021 0.1263051564 -0.09636809547 0.05813187886 -0.01488938388 -0.02963537485 0.07160795499 -0.1074137061 0.133969061 -0.1489870903 0.1511744515 -0.1403427704 0.1174248641 -0.08439440737 0.04409596096 <= 1/2
0.07595296 -0.1511744515 0.1489870903 -0.1453649021 0.1403427704 -0.133969061 0.1263051564 -0.1174248641 0.1074137061 -0.09636809547 0.08439440737 -0.07160795499 0.05813187886 -0.04409596096 0.02963537485 -0.01488938388 <= 1/2
ProjectionFloat
