amb_space 13
inequalities 6
 -1 -1 -1 -1 -1 -1 -1 -1  1  1  1  1  1
 -1 -1 -1 -1 -1  1  1  1 -1 -1 -1  1  1
 -1 -1 -1  1  1 -1 -1  1 -1 -1  1 -1  1
  0  0  1  0  1  0  1  1  0  0  0  0 -1
 -1  0  1 -1  1  0  1  1 -1  0 -1  0  0
  0 -1  1  0  1 -1  1  1  0 -1  0 -1  0
nonnegative
excluded_faces 6
 -1 -1 -1 -1 -1 -1 -1 -1  1  1  1  1  1
 -1 -1 -1 -1 -1  1  1  1 -1 -1 -1  1  1
 -1 -1 -1  1  1 -1 -1  1 -1 -1  1 -1  1
  0  0  1  0  1  0  1  1  0  0  0  0 -1
 -1  0  1 -1  1  0  1  1 -1  0 -1  0  0
  0 -1  1  0  1 -1  1  1  0 -1  0 -1  0
grading
1 1 1 1 1 1 1 1 1 1 1 1 1 
