19
13
1 0 0 0 0 0 0 0 0 0 0 0 0
0 1 0 0 0 0 0 0 0 0 0 0 0
0 0 1 0 0 0 0 0 0 0 0 0 0
0 0 0 1 0 0 0 0 0 0 0 0 0
0 0 0 0 1 0 0 0 0 0 0 0 0
0 0 0 0 0 1 0 0 0 0 0 0 0
0 0 0 0 0 0 1 0 0 0 0 0 0
0 0 0 0 0 0 0 1 0 0 0 0 0
0 0 0 0 0 0 0 0 1 0 0 0 0
0 0 0 0 0 0 0 0 0 1 0 0 0
0 0 0 0 0 0 0 0 0 0 1 0 0
0 0 0 0 0 0 0 0 0 0 0 1 0
0 0 0 0 0 0 0 0 0 0 0 0 1
1 -1 -1 -1 -1 1 -1 -1 1 1 -1 -1 1
1 1 -1 -1 1 -1 -1 -1 -1 1 1 -1 -1
1 1 1 -1 -1 1 1 -1 -1 -1 -1 -1 -1
-1 1 1 1 1 0 0 0 0 0 0 0 0
0 1 1 1 1 -1 -1 -1 -1 0 0 0 0
0 1 1 1 1 0 0 0 0 -1 -1 -1 -1
hyperplanes
1
13
1 1 1 1 1 1 1 1 1 1 1 1 1
grading
