amb_space auto

equations     [[-130,  2,  3,  1,  0, -1, -3],
                [-94, -1, -1,  0,  1,  1,  2]]

inequalities  [[-342, 0, 3, 2, 3, 1, 0]]

inequalities  [[-142,  0, 0, 1, 2, 1, 1],
                [-142,  1, 0, 0, 2, 1, 1],
                [-142,  1, 2, 0, 0, 1, 1],
                [-142,  1, 2, 1, 0, 0, 1],
                [-142,  1, 2, 1, 1, 0, 0],
                [-142,  1, 1, 0, 1, 1, 1]]

inequalities  [[-285,  1, 3, 1, 1, 1, 2],
                [-285,  1, 2, 1, 1, 1, 3],
                [-285,  1, 2, 1, 2, 1, 2],
                [-285,  0, 0, 1, 3, 2, 3],
                [-285,  1, 0, 0, 3, 2, 3],
                [-285,  1, 1, 0, 2, 2, 3],
                [-285,  1, 2, 0, 1, 2, 3],
                [-285,  1, 3, 0, 0, 2, 3],
                [-285,  1, 3, 1, 0, 1, 3],
                [-285,  1, 3, 2, 0, 0, 3],
                [-285,  1, 3, 2, 1, 0, 2],
                [-285,  1, 3, 2, 2, 0, 1],
                [-285,  1, 3, 2, 3, 0, 0]]

inequalities  [[-162,  0, 1, 1, 2, 1, 0]]

nonnegative
dehomogenization unit_vector 1

EhrhartSeries
NumberLatticePoints
NoMatricesOutput

