amb_space auto
monoid
[
[1, 0, 5]
[0, 5, 1]
[0, 6, 0]
[5, 1, 0]
[6, 0, 0]
[6, 19, 11]
[30, 3, 3]
[12, 13, 17]
[6, 28, 14]
[30, 9, 9]
[30, 10, 8]
[12, 19, 23]
[6, 31, 17]
[30, 10, 14]
[30, 11, 13]
[25, 12, 23]
[26, 11, 23]
[27, 10, 23]
[12, 26, 22]
[30, 11, 19]
[30, 12, 18]
[12, 25, 29]
[22, 15, 29]
[25, 12, 29]
[26, 11, 29]
[27, 10, 29]
[30, 12, 24]
[6, 40, 20]
[12, 18, 42]
[17, 14, 41]
[17, 15, 40]
[22, 11, 39]
[22, 12, 38]
[21, 15, 36]
[21, 16, 35]
[22, 16, 34]
[26, 13, 33]
[25, 16, 31]
[12, 32, 28]
[30, 14, 28]
[6, 43, 23]
[12, 21, 45]
[17, 16, 45]
[12, 22, 44]
[17, 17, 44]
[25, 9, 44]
[16, 21, 41]
[21, 17, 40]
[21, 18, 39]
[30, 9, 39]
[25, 19, 34]
[30, 14, 34]
[12, 22, 50]
[12, 23, 49]
[20, 15, 49]
[25, 10, 49]
[12, 24, 48]
[25, 11, 48]
[12, 25, 47]
[17, 20, 47]
[16, 23, 45]
[21, 21, 42]
[6, 52, 26]
[21, 11, 58]
[12, 24, 54]
[12, 25, 53]
[12, 26, 52]
[17, 22, 51]
[16, 26, 48]
[16, 27, 47]
[11, 33, 46]
[11, 35, 44]
[6, 55, 29]
[6, 48, 42]
[12, 27, 57]
[12, 28, 56]
[11, 37, 48]
[11, 35, 50]
[16, 16, 64]
[16, 20, 60]
]
MarkovBasis
