457
16
  1  1  1 -2  1  1 -2  1  1  1  1 -2  1  1 -2  1
  0  0  0  0  0  0  0  0  1  0  0  0  0  0  0  0
  0  0  0  0  0  0  0  0  0  0  1 -1  0  1 -1  1
  0  0  0  0  0  0  0  0  0  0  0  0  0  0  0  1
  0  0  0  0  0  0  0  0  0  0  0  0  0  0  1  0
  0  0  0  0  0  0  0  1  0  0  0  0  0  0  0  0
  0  1  0  0  0  0  0  0  0  0  0  0  0  0  0  0
  1 -2  1  1 -2  1  1  1  1 -2  1  1 -2  1  1  1
 -1  2 -1  2 -1  1  0  0  0  0  0  0  0  0  0  0
 -2  4 -2  4 -2  1  1  1  1 -2  1  1 -2  1  1  1
  0  0  0  0  1  1 -2  1  1  1  1 -2  1  1 -2  1
 -2  1  1  1  1  1 -2  1  1  1  1 -2  1  1 -2  1
  0  0  1  0  0  0  0  0  0  0  0  0  0  0  0  0
  0  1  1 -1  1  0  0  0  0  0  0  0  0  0  0  0
 -1  0  1  1  0  0  0  0  0  0  0  0  0  0  0  0
 -2  1  1  1  1  0  0  0  0  0  0  0  0  0  0  0
 -1  1  0  1  0  0  0  0  0  0  0  0  0  0  0  0
  1  1 -2  1  1  1 -2  1  1  1  1 -2  1  1 -2  1
  1  0  0  0  0  0  0  0  0  0  0  0  0  0  0  0
  1  1  0 -1  1  0  0  0  0  0  0  0  0  0  0  0
  1  0 -1  1  0  0  0  0  0  0  0  0  0  0  0  0
  1  1 -2  1  1  0  0  0  0  0  0  0  0  0  0  0
  0  1 -1  1  0  0  0  0  0  0  0  0  0  0  0  0
  0  0  0  0  0  2 -2  1  1  1  1 -2  1  1 -2  1
  0  0  0  0  0  1 -1  1  1  0  1 -1  0  1 -1  1
  1 -1  1  0  0  0  0  0  0  0  0  0  0  0  0  0
  1 -2  1  1  0  0  0  0  0  0  0  0  0  0  0  0
  1  1  1 -2  2  0  0  0  0  0  0  0  0  0  0  0
  0  0  0  0  1  0  0  0  0  0  0  0  0  0  0  0
  1 -1  1  0 -1  1  0  0  0  0  0  0  0  0  0  0
  1 -2  1  1 -2  2  0  0  0  0  0  0  0  0  0  0
  1  1  1 -2  1  1  0  0  0  0  0  0  0  0  0  0
  0  0  0  0  0  1  0  0  0  0  0  0  0  0  0  0
  1  1  1 -2  1  1  1  1  1 -2  1  1 -2  1  1  1
  0  0  0  0  0  1  1  1  1 -2  1  1 -2  1  1  1
 -1  2 -1  2 -1 -1  2  2 -1 -1  2 -1 -1  2 -1  2
 -1  2 -1  2 -1 -1  2  2 -4  2  2 -4  2  2 -4  2
 -2  1  1  1  1 -2  1  1 -2  1  1 -2  1  1 -2  1
  1  1 -2  1  1 -2  1  1 -2  1  1 -2  1  1 -2  1
  1 -2  1  1  1 -2  1  1 -2  1  1 -2  1  1 -2  1
  0  0  0  0  2 -2  1  1 -2  1  1 -2  1  1 -2  1
  1 -2  1  1 -2  1  1  1 -2  1  1 -2  1  1 -2  1
  0  0  0  0  0  0  1  1 -2  1  1 -2  1  1 -2  1
  0  0  0  0  0  0  1  1  0 -1  1  0 -1  1  0  1
  0  0  0  0  0  0  0  0  0  0  0  0  0  1 -1  1
  0  0  0  0  0  0  0  0  0  0  0  0  0  1  0  0
  0  0  0  0  0  0  0  0  0  1  1 -2  1  1 -2  1
  0  0  0  0  0  0  0  0  0  0  2 -2  1  1 -2  1
  1 -2  1  1 -2  1  1 -2  1  1  1 -2  1  1 -2  1
 -2  4 -2  4 -2  1  1 -2  1  1  1 -2  1  1 -2  1
  0  0  0  0  0  1 -1  0  1  1  1 -2  1  1 -2  1
  1  1  1 -2  1  1  1 -2  1  1  1 -2  1  1 -2  1
  0  0  0  0  0  1  1 -2  1  1  1 -2  1  1 -2  1
  0  0  0  0  0  0  1 -1  1  0  0  0  0  0  0  0
 -1  2 -1  2 -1 -1  2 -1 -1  2  2 -4  2  2 -4  2
  0  0  0  0  1 -1  0  1 -1  1  1 -2  1  1 -2  1
  0  0  0  0  0  0  0  1 -1  1  1 -2  1  1 -2  1
  0  0  0  0  0  0  1 -1  0  1  1 -2  1  1 -2  1
  0  0  0  0  0  1 -1  0  1  1  0  0  0  0  0  0
  0  0  0  0  1 -1  0  1 -1  1  0  0  0  0  0  0
  0  0  0  0  0  0  0  1 -1  1  0  0  0  0  0  0
  0  0  0  0  0  0  0  0  0  1 -1  0  1 -1  0  1
  0  0  0  0  0  0  0  0  0  0  0  0  1 -1  0  1
  1 -2  1  1 -2  1  1 -2  1  1 -2  1  1 -2  1  1
 -2  4 -2  4 -2  1  1 -2  1  1 -2  1  1 -2  1  1
  0  0  0  0  0  1 -1  0  1  1  0 -1  1  0 -1  1
  1  1  1 -2  1  1  1 -2  1  1 -2  1  1 -2  1  1
  0  0  0  0  0  1  1 -2  1  1 -2  1  1 -2  1  1
 -1  2 -1  2 -1 -1  2 -1 -1  2 -1 -1  2 -1 -1  2
  1  1  1 -2  4 -2 -2  4 -2  4 -2 -2  4 -2 -2  4
 -1  2  2 -1  2 -1 -1  2 -1  2 -1 -1  2 -1 -1  2
  2  2 -1 -1  2 -1 -1  2 -1  2 -1 -1  2 -1 -1  2
  1  1  1 -2  1  1 -2  4 -2  4 -2 -2  4 -2 -2  4
  0  0  0  0  1 -1  0  1  0  1 -1  0  1 -1  0  1
 -2  1  1  1  1 -2  1  1  1  1 -2  1  1 -2  1  1
  1  1 -2  1  1 -2  1  1  1  1 -2  1  1 -2  1  1
  0  0  0  0  1 -1  0  1 -1  1  0 -1  1  0 -1  1
  0  0  0  0  0  0  0  1 -1  1  0 -1  1  0 -1  1
  0  0  0  0  0  0  1 -1  0  1 -1  0  1 -1  0  1
  0  0  0  0  2 -1 -1  2 -1  2 -1 -1  2 -1 -1  2
 -4  2  2  2  2 -1 -1  2 -1  2 -1 -1  2 -1 -1  2
  2  2 -4  2  2 -1 -1  2 -1  2 -1 -1  2 -1 -1  2
  0  0  0  0  0  1 -1  2 -1  2 -1 -1  2 -1 -1  2
  0  0  0  0  0  1 -1  0  1  1  0 -1  1  0  0  0
 -1  2 -1  2 -1 -1  2 -1 -1  2 -1 -1  2 -1  2 -1
  1  1  1 -2  4 -2 -2  4 -2  4 -2 -2  4 -2  4 -2
 -1  2  2 -1  2 -1 -1  2 -1  2 -1 -1  2 -1  2 -1
  2  2 -1 -1  2 -1 -1  2 -1  2 -1 -1  2 -1  2 -1
  1  1  1 -2  1  1 -2  4 -2  4 -2 -2  4 -2  4 -2
  0  0  0  0  1 -1  0  1 -1  1  0 -1  1  0  0  0
  0  0  0  0  0  0  0  1 -1  1  0 -1  1  0  0  0
  0  0  0  0  2 -1 -1  2 -1  2 -1 -1  2 -1  2 -1
 -4  2  2  2  2 -1 -1  2 -1  2 -1 -1  2 -1  2 -1
  2  2 -4  2  2 -1 -1  2 -1  2 -1 -1  2 -1  2 -1
  0  0  0  0  0  1 -1  2 -1  2 -1 -1  2 -1  2 -1
  0  0  0  0  0  2 -2  2  2  0  2 -2  1  1 -2  1
 -2  4 -2  4 -2 -2  4  4 -2 -2  4 -2  1  1 -2  1
  0  0  0  0  0  0  1  1  0 -1  1  0  0  0  0  0
  0  0  0  0  0  0  0  0  0  1 -1  0  1  1 -2  1
  0  0  0  0  0  0  0  0  0  0  0  0  1  1 -2  1
  1 -2  1  1 -2  1  1 -2  1  1 -2  1  1  1 -2  1
 -2  4 -2  4 -2  1  1 -2  1  1 -2  1  1  1 -2  1
  0  0  0  0  0  1 -1  0  1  1  0 -1  1  1 -2  1
  1  1  1 -2  1  1  1 -2  1  1 -2  1  1  1 -2  1
  0  0  0  0  0  1  1 -2  1  1 -2  1  1  1 -2  1
  0  0  0  0  0  0  1 -1  1  0 -1  1  0  0  0  0
 -1  2 -1  2 -1 -1  2 -1 -1  2 -1 -1  2  2 -4  2
  1  1  1 -2  4 -2 -2  4 -2  4 -2 -2  4  4 -8  4
 -1  2  2 -1  2 -1 -1  2 -1  2 -1 -1  2  2 -4  2
  2  2 -1 -1  2 -1 -1  2 -1  2 -1 -1  2  2 -4  2
  1  1  1 -2  1  1 -2  4 -2  4 -2 -2  4  4 -8  4
  0  0  0  0  1 -1  0  1  0  1 -1  0  1  1 -2  1
 -2  1  1  1  1 -2  1  1  1  1 -2  1  1  1 -2  1
  1  1 -2  1  1 -2  1  1  1  1 -2  1  1  1 -2  1
  0  0  0  0  1 -1  0  1 -1  1  0 -1  1  1 -2  1
  0  0  0  0  0  0  0  1 -1  1  0 -1  1  1 -2  1
  0  0  0  0  0  0  1 -1  0  1 -1  0  1  1 -2  1
  0  0  0  0  2 -1 -1  2 -1  2 -1 -1  2  2 -4  2
 -4  2  2  2  2 -1 -1  2 -1  2 -1 -1  2  2 -4  2
  2  2 -4  2  2 -1 -1  2 -1  2 -1 -1  2  2 -4  2
  0  0  0  0  0  1 -1  2 -1  2 -1 -1  2  2 -4  2
  0  0  0  0  0  0  0  0  0  1 -1  0  1  1  0 -1
  0  0  0  0  0  0  0  0  0  0  0  0  1  1  0 -1
  1 -2  1  1 -2  1  1 -2  1  1 -2  1  1  1  1 -2
 -2  4 -2  4 -2  1  1 -2  1  1 -2  1  1  1  1 -2
  0  0  0  0  0  1 -1  0  1  1  0 -1  1  1 -1  0
  1  1  1 -2  1  1  1 -2  1  1 -2  1  1  1  1 -2
  0  0  0  0  0  1  1 -2  1  1 -2  1  1  1  1 -2
 -1  2 -1  2 -1 -1  2 -1 -1  2 -1 -1  2  2 -1 -1
  1  1  1 -2  4 -2 -2  4 -2  4 -2 -2  4  4 -2 -2
 -1  2  2 -1  2 -1 -1  2 -1  2 -1 -1  2  2 -1 -1
  2  2 -1 -1  2 -1 -1  2 -1  2 -1 -1  2  2 -1 -1
  1  1  1 -2  1  1 -2  4 -2  4 -2 -2  4  4 -2 -2
  0  0  0  0  1 -1  0  1  0  1 -1  0  1  1  0 -1
 -2  1  1  1  1 -2  1  1  1  1 -2  1  1  1  1 -2
  1  1 -2  1  1 -2  1  1  1  1 -2  1  1  1  1 -2
  0  0  0  0  1 -1  0  1 -1  1  0 -1  1  1 -1  0
  0  0  0  0  0  0  0  1 -1  1  0 -1  1  1 -1  0
  0  0  0  0  0  0  1 -1  0  1 -1  0  1  1  0 -1
  0  0  0  0  2 -1 -1  2 -1  2 -1 -1  2  2 -1 -1
 -4  2  2  2  2 -1 -1  2 -1  2 -1 -1  2  2 -1 -1
  2  2 -4  2  2 -1 -1  2 -1  2 -1 -1  2  2 -1 -1
  0  0  0  0  0  1 -1  2 -1  2 -1 -1  2  2 -1 -1
  0  0  0  0  1 -1  0  1  0  1 -1  0  1 -1  1  0
  0  0  0  0  1 -1  0  1  0  1 -1  0  1  0  1 -1
 -4  2  2  2  2 -4  2  2 -1  2 -1 -1  2 -1  2 -1
  0  0  0  0  2 -2  0  2 -1  2 -1 -1  2 -1  2 -1
  2  2 -4  2  2 -4  2  2 -1  2 -1 -1  2 -1  2 -1
 -2  4 -2  4 -2 -2  4 -2  1  1 -2  1  1 -2  1  1
 -2  4 -2  4 -2 -2  4 -2 -2  4 -2  1  1 -2  1  1
  1 -2  1  1  1 -2  1  1  1  1 -2  1  1 -2  1  1
  0  0  0  0  2 -2  1  1  1  1 -2  1  1 -2  1  1
  0  0  0  0  2 -2  0  2  0  2 -2  1  1 -2  1  1
 -1  2 -1  2 -1 -1  2 -1  1  0 -1  1  0  0  0  0
 -1  2 -1  2 -1 -1  2 -1 -1  2 -1  1  0  0  0  0
  1 -2  1  1  0 -1  1  0  1  0 -1  1  0  0  0  0
  0  0  0  0  1 -1  1  0  1  0 -1  1  0  0  0  0
  0  0  0  0  1 -1  0  1  0  1 -1  1  0  0  0  0
 -1  1  0  1  0 -1  1  0  1  0 -1  1  0  0  0  0
 -1  0  1  1  0 -1  1  0  1  0 -1  1  0  0  0  0
 -2  1  1  1  1 -2  2  0  2  0 -2  2  0  0  0  0
 -2  1  1  1  1 -2  1  1  1  1 -2  2  0  0  0  0
  0  1 -1  1  0 -1  1  0  1  0 -1  1  0  0  0  0
  1  0 -1  1  0 -1  1  0  1  0 -1  1  0  0  0  0
  1  1 -2  1  1 -2  2  0  2  0 -2  2  0  0  0  0
  1  1 -2  1  1 -2  1  1  1  1 -2  2  0  0  0  0
 -2  4 -2  4 -2 -2  4 -2  1  1 -2  1  1  1  1 -2
 -2  4 -2  4 -2 -2  4 -2 -2  4 -2  1  1  1  1 -2
  1 -2  1  1  1 -2  1  1  1  1 -2  1  1  1  1 -2
  0  0  0  0  2 -2  1  1  1  1 -2  1  1  1  1 -2
  0  0  0  0  2 -2  0  2  0  2 -2  1  1  1  1 -2
  1  1  1 -2  1  1 -2  1  1  1  1  1 -2  1  1  1
  1  1  1 -2  1  1 -2  1  1  2  0  0  0  0  0  0
  1  1  1 -2  1  1 -2  1  1  1  1  0  0  0  0  0
  1  0  1 -1  0  1 -1  0  1  1  0  0  0  0  0  0
  1  1  1 -2  1  1 -1  0  1  1  0  0  0  0  0  0
  1  1  1 -2  2  0 -2  2  0  2  0  0  0  0  0  0
  0  1  1 -1  1  0 -1  1  0  1  0  0  0  0  0  0
  1  1  0 -1  1  0 -1  1  0  1  0  0  0  0  0  0
  1  1  1 -2  1  1 -2  2  0  2  0  0  0  0  0  0
  1  1  1 -2  1  1 -2  1  1  4 -2 -2  4 -2  4 -2
  1  1  1 -2  1  1 -2  1  1  1  1 -2  4 -2  4 -2
  2 -1  2 -1 -1  2 -1 -1  2  2 -1 -1  2 -1  2 -1
  2  2  2 -4  2  2 -1 -1  2  2 -1 -1  2 -1  2 -1
  1 -1  1  0 -1  1  0  1  1 -1  1  0  0  0  0  0
  1  1  1 -2  1  1  0  1  1 -1  1  0  0  0  0  0
  0  0  0  0  0  0  0  0  0  0  1  1 -2  1  1  1
 -2  4 -2  4 -2 -2  4 -2  4 -2  1  1 -2  1  1  1
 -2 -2  4  4 -2 -2  4 -2  4 -2  1  1 -2  1  1  1
 -2  1  1  1  1 -2  4 -2  4 -2  1  1 -2  1  1  1
  4 -2 -2  4 -2 -2  4 -2  4 -2  1  1 -2  1  1  1
  1  1 -2  1  1 -2  4 -2  4 -2  1  1 -2  1  1  1
  4 -8  4  4 -2 -2  4 -2  4 -2  1  1 -2  1  1  1
  0  0  0  0  2 -2  4 -2  4 -2  1  1 -2  1  1  1
  0  0  0  0  0  0  2  0  2 -2  1  1 -2  1  1  1
  0  0  0  0  0  0  0  0  0  0  0  1 -1  0  1  1
 -1  2 -1  2 -1 -1  2 -1  2 -1 -1  2 -1 -1  2  2
 -1 -1  2  2 -1 -1  2 -1  2 -1 -1  2 -1 -1  2  2
 -2  1  1  1  1 -2  4 -2  4 -2 -2  4 -2 -2  4  4
  2 -1 -1  2 -1 -1  2 -1  2 -1 -1  2 -1 -1  2  2
  1  1 -2  1  1 -2  4 -2  4 -2 -2  4 -2 -2  4  4
  2 -4  2  2 -1 -1  2 -1  2 -1 -1  2 -1 -1  2  2
  0  0  0  0  1 -1  2 -1  2 -1 -1  2 -1 -1  2  2
  0  0  0  0  0  0  1  0  1 -1  0  1 -1  0  1  1
  0  0  0  0  0  0  1 -1  1  0 -1  1  0 -1  1  1
  0  0  0  0  1  1 -2  1  1  1  1  1 -2  1  1  1
  0  0  0  0  1  1 -2  1  1  1  1  0  0  0  0  0
  0  0  0  0  1  0 -1  1  0  1  0  0  0  0  0  0
  0  0  0  0  1  1 -2  1  1  1  1 -2  4 -2  4 -2
 -2  1  1  1  1  1 -2  1  1  1  1  1 -2  1  1  1
 -2  1  1  1  1  1 -2  1  1  1  1  0  0  0  0  0
 -2  1  1  1  1  0 -1  1  0  1  0  0  0  0  0  0
 -2  1  1  1  1  1 -2  1  1  1  1 -2  4 -2  4 -2
  1  1 -2  1  1  1 -2  1  1  1  1  1 -2  1  1  1
  1  1 -2  1  1  1 -2  1  1  1  1  0  0  0  0  0
  1  1 -2  1  1  0 -1  1  0  1  0  0  0  0  0  0
  1  1 -2  1  1  1 -2  1  1  1  1 -2  4 -2  4 -2
  0  0  0  0  0  2 -2  1  1  1  1  1 -2  1  1  1
  0  0  0  0  0  2 -2  1  1  1  1  0  0  0  0  0
  0  0  0  0  0  1 -1  1  0  1  0  0  0  0  0  0
  0  0  0  0  0  2 -2  1  1  1  1 -2  4 -2  4 -2
  0  0  0  0  0  1 -1  1  1  0  1  1 -2  1  1  1
 -1  2 -1  2 -1 -1  2  2 -1 -1  2  2 -4  2  2  2
 -2  4 -2  4 -2 -2  4  1  1 -2  1  1 -2  1  1  1
 -1  2 -1  2 -1 -1  2  2 -4  2  2  2 -4  2  2  2
 -1  2 -1  2 -1 -1  2  0  0  0  0  0  0  0  0  0
 -1  2 -1  2 -1 -1  2  2 -4  2  2  0  0  0  0  0
 -1  2 -1  2 -1 -1  2  0 -2  2  0  0  0  0  0  0
 -1  2 -1  2 -1 -1  2  2 -4  2  2 -4  8 -4  8 -4
 -2  1  1  1  1 -2  1  1 -2  1  1  1 -2  1  1  1
 -1  1  0  1  0 -1  1  0  0  0  0  0  0  0  0  0
 -1  0  1  1  0 -1  1  0  0  0  0  0  0  0  0  0
 -2  1  1  1  1 -2  2  0  0  0  0  0  0  0  0  0
 -2  1  1  1  1 -2  1  1 -2  2  0  0  0  0  0  0
 -2  1  1  1  1 -2  1  1 -2  1  1  0  0  0  0  0
 -1  0  1  1  0 -1  1  0 -1  1  0  0  0  0  0  0
 -1  1  0  1  0 -1  1  0 -1  1  0  0  0  0  0  0
 -1  1  1  0  1 -1  0  1 -1  1  0  0  0  0  0  0
 -2  1  1  1  1 -2  1  1 -1  1  0  0  0  0  0  0
 -2  1  1  1  1 -2  2  0 -2  2  0  0  0  0  0  0
 -2  1  1  1  1 -1  0  1 -1  1  0  0  0  0  0  0
 -2  1  1  1  1 -2  1  1 -2  4 -2 -2  4 -2  4 -2
 -2  1  1  1  1 -2  1  1 -2  1  1 -2  4 -2  4 -2
 -1 -1  2  2 -1 -1  2 -1 -1  2 -1 -1  2 -1  2 -1
 -2  1  1  1  1 -2  4 -2 -2  4 -2 -2  4 -2  4 -2
  0 -1  1  1 -1  0  1  1  0 -1  1  0  0  0  0  0
  1  1 -2  1  1 -2  1  1 -2  1  1  1 -2  1  1  1
  0  1 -1  1  0 -1  1  0  0  0  0  0  0  0  0  0
  1  0 -1  1  0 -1  1  0  0  0  0  0  0  0  0  0
  1  1 -2  1  1 -2  2  0  0  0  0  0  0  0  0  0
  1  1 -2  1  1 -2  1  1 -2  2  0  0  0  0  0  0
  1  1 -2  1  1 -2  1  1 -2  1  1  0  0  0  0  0
  1  0 -1  1  0 -1  1  0 -1  1  0  0  0  0  0  0
  0  1 -1  1  0 -1  1  0 -1  1  0  0  0  0  0  0
  1  1 -1  0  1 -1  0  1 -1  1  0  0  0  0  0  0
  1  1 -2  1  1 -2  1  1 -1  1  0  0  0  0  0  0
  1  1 -2  1  1 -2  2  0 -2  2  0  0  0  0  0  0
  1  1 -2  1  1 -1  0  1 -1  1  0  0  0  0  0  0
  1  1 -2  1  1 -2  1  1 -2  4 -2 -2  4 -2  4 -2
  1  1 -2  1  1 -2  1  1 -2  1  1 -2  4 -2  4 -2
  2 -1 -1  2 -1 -1  2 -1 -1  2 -1 -1  2 -1  2 -1
  1  1 -2  1  1 -2  4 -2 -2  4 -2 -2  4 -2  4 -2
  1 -1  0  1 -1  0  1  1  0 -1  1  0  0  0  0  0
  1 -2  1  1  1 -2  1  1 -2  1  1  1 -2  1  1  1
  1 -2  1  1  0 -1  1  0  0  0  0  0  0  0  0  0
  1 -2  1  1  1 -2  1  1 -2  1  1  0  0  0  0  0
  1 -2  1  1  0 -1  1  0 -1  1  0  0  0  0  0  0
  1 -2  1  1  1 -2  1  1 -2  1  1 -2  4 -2  4 -2
  2 -4  2  2 -1 -1  2 -1 -1  2 -1 -1  2 -1  2 -1
  1 -2  1  1 -1  0  1  1  0 -1  1  0  0  0  0  0
  0  0  0  0  2 -2  1  1 -2  1  1  1 -2  1  1  1
  0  0  0  0  1 -1  1  0  0  0  0  0  0  0  0  0
  0  0  0  0  2 -2  1  1 -2  1  1  0  0  0  0  0
  0  0  0  0  1 -1  1  0 -1  1  0  0  0  0  0  0
  0  0  0  0  2 -2  1  1 -2  1  1 -2  4 -2  4 -2
  0  0  0  0  1 -1  2 -1 -1  2 -1 -1  2 -1  2 -1
  1 -2  1  1 -2  1  1  1 -2  1  1  1 -2  1  1  1
  1 -2  1  1 -2  1  1  1 -2  1  1  0  0  0  0  0
  1 -2  1  1 -2  1  1  0 -1  1  0  0  0  0  0  0
  1 -2  1  1 -2  1  1  1 -2  1  1 -2  4 -2  4 -2
  2 -4  2  2 -4  2  2 -1 -1  2 -1 -1  2 -1  2 -1
  1 -2  1  1 -2  1  1  1  0 -1  1  0  0  0  0  0
  1 -2  1  1 -2  1  1  0  0  0  0  0  0  0  0  0
  0  0  0  0  0  0  1  1 -2  1  1  1 -2  1  1  1
  0  0  0  0  0  0  1  1 -2  1  1  0  0  0  0  0
  0  0  0  0  0  0  1  0 -1  1  0  0  0  0  0  0
  0  0  0  0  0  0  1  1 -2  1  1 -2  4 -2  4 -2
  0  0  0  0  0  0  2 -1 -1  2 -1 -1  2 -1  2 -1
  0  0  0  0  0  0  1  0  0  0  0  0  0  0  0  0
  0  0  0  0  0  0  1  1  0 -1  1  1 -2  1  1  1
  0  0  0  0  0  0  2  1  1 -2  1  1 -2  1  1  1
  0  0  0  0  0  0  0  0  0  0  0  2 -2  1  1  1
 -2  4 -2  4 -2 -2  4 -2  4 -2 -2  4 -2  1  1  1
 -2 -2  4  4 -2 -2  4 -2  4 -2 -2  4 -2  1  1  1
 -2  1  1  1  1 -2  4 -2  4 -2 -2  4 -2  1  1  1
  4 -2 -2  4 -2 -2  4 -2  4 -2 -2  4 -2  1  1  1
  1  1 -2  1  1 -2  4 -2  4 -2 -2  4 -2  1  1  1
  4 -8  4  4 -2 -2  4 -2  4 -2 -2  4 -2  1  1  1
  0  0  0  0  2 -2  4 -2  4 -2 -2  4 -2  1  1  1
  0  0  0  0  0  0  2  0  2 -2  0  2 -2  1  1  1
  0  0  0  0  0  0  0  0  0  0  0  1 -1  1  1  0
 -1  2 -1  2 -1 -1  2 -1  2 -1 -1  2 -1  2  2 -1
 -1 -1  2  2 -1 -1  2 -1  2 -1 -1  2 -1  2  2 -1
 -2  1  1  1  1 -2  4 -2  4 -2 -2  4 -2  4  4 -2
  2 -1 -1  2 -1 -1  2 -1  2 -1 -1  2 -1  2  2 -1
  1  1 -2  1  1 -2  4 -2  4 -2 -2  4 -2  4  4 -2
  2 -4  2  2 -1 -1  2 -1  2 -1 -1  2 -1  2  2 -1
  0  0  0  0  1 -1  2 -1  2 -1 -1  2 -1  2  2 -1
  0  0  0  0  0  0  1  0  1 -1  0  1 -1  1  1  0
  0  0  0  0  0  0  1 -1  1  0 -1  1  0  1  1 -1
  0  0  0  0  0  0  0  0  0  1  0  0  0  0  0  0
  0  0  0  0  0  0  0  0  0  2 -1 -1  2 -1  2 -1
 -1  2 -1  2 -1 -1  2 -1  2 -1  1  0  0  0  0  0
 -1 -1  2  2 -1 -1  2 -1  2 -1  1  0  0  0  0  0
 -2  1  1  1  1 -2  4 -2  4 -2  2  0  0  0  0  0
  2 -1 -1  2 -1 -1  2 -1  2 -1  1  0  0  0  0  0
  1  1 -2  1  1 -2  4 -2  4 -2  2  0  0  0  0  0
  2 -4  2  2 -1 -1  2 -1  2 -1  1  0  0  0  0  0
  0  0  0  0  1 -1  2 -1  2 -1  1  0  0  0  0  0
  0  0  0  0  0  0  0  0  0  0  1  0  0  0  0  0
  0  0  0  0  0  0  0  0  0  0  1 -1  2 -1  2 -1
  1 -2  1  1 -2  1  1  1  1 -2  2  0  0  0  0  0
 -2  4 -2  4 -2  1  1  1  1 -2  2  0  0  0  0  0
  1  1  1 -2  1  1  1  1  1 -2  2  0  0  0  0  0
  0  0  0  0  0  1  1  1  1 -2  2  0  0  0  0  0
  0  0  0  0  0  0  1  0  1 -1  1  0  0  0  0  0
  0  0  0  1 -1  0  1 -1  1  0  0  0  0  0  0  0
  0 -1  1  1 -1  0  1 -1  1  0  0  0  0  0  0  0
  1 -1  0  1 -1  0  1 -1  1  0  0  0  0  0  0  0
  1 -2  1  1 -1  0  1 -1  1  0  0  0  0  0  0  0
  1 -2  1  1 -2  1  1 -2  1  1  0  0  0  0  0  0
  2 -4  2  2 -4  2  2 -4  2  2 -1 -1  2 -1  2 -1
  1 -2  1  1 -2  1  1 -1  1  0  0  0  0  0  0  0
 -1  2 -1  2 -1  0  1 -1  1  0  0  0  0  0  0  0
 -2  4 -2  4 -2  1  1 -2  1  1  0  0  0  0  0  0
 -4  8 -4  8 -4  2  2 -4  2  2 -1 -1  2 -1  2 -1
  1  1  1 -2  1  1  1 -2  1  1  0  0  0  0  0  0
  2  2  2 -4  2  2  2 -4  2  2 -1 -1  2 -1  2 -1
  0  0  0  0  0  1  1 -2  1  1  0  0  0  0  0  0
  0  0  0  0  0  2  2 -4  2  2 -1 -1  2 -1  2 -1
 -1  2 -1  2 -1 -1  2 -1  1  0  0  0  0  0  0  0
 -1  2 -1  2 -1 -1  2 -1 -1  2  0  0  0  0  0  0
  0  0  0  0  0  0  1 -1  0  1  0  0  0  0  0  0
  0  0  0  0  0  0  2 -2  0  2 -1 -1  2 -1  2 -1
 -1  2 -1  2 -1 -1  2 -1  2  2 -4  2  2 -4  2  2
  0  0  0  0  0  0  0  0  0  2 -2  1  1 -2  1  1
  0  0  0  0  0  0  1 -1  1  1 -2  1  1 -2  1  1
  0  0  0  0  0  0  0  0  0  1 -1  0  1 -1  1  0
 -1  2 -1  2 -1 -1  2 -1  2 -1 -1  2  2 -4  2  2
 -1 -1  2  2 -1 -1  2 -1  2 -1 -1  2  2 -4  2  2
 -2  1  1  1  1 -2  4 -2  4 -2 -2  4  4 -8  4  4
  2 -1 -1  2 -1 -1  2 -1  2 -1 -1  2  2 -4  2  2
  1  1 -2  1  1 -2  4 -2  4 -2 -2  4  4 -8  4  4
  2 -4  2  2 -1 -1  2 -1  2 -1 -1  2  2 -4  2  2
  0  0  0  0  1 -1  2 -1  2 -1 -1  2  2 -4  2  2
  0  0  0  0  0  0  0  0  0  0  0  1  1 -2  1  1
  0  0  0  0  0  0  1 -1  1  0 -1  1  1 -2  1  1
  0  0  0  0  0  0  0  0  0  0  0  0  1 -1  1  0
  1 -2  1  1 -2  1  1  1  1 -2  1  1  1 -2  1  1
 -2  4 -2  4 -2  1  1  1  1 -2  1  1  1 -2  1  1
  1  1  1 -2  1  1  1  1  1 -2  1  1  1 -2  1  1
  0  0  0  0  0  1  1  1  1 -2  1  1  1 -2  1  1
  0  0  0  0  0  0  1  0  1 -1  0  1  1 -2  1  1
  1  1  1 -2  4 -2 -2  4 -2  4 -2  1  1 -2  1  1
 -2  4  4 -2  4 -2 -2  4 -2  4 -2  1  1 -2  1  1
  4  4 -2 -2  4 -2 -2  4 -2  4 -2  1  1 -2  1  1
  1  1  1 -2  1  1 -2  4 -2  4 -2  1  1 -2  1  1
  0  0  0  0  0  0  2 -2  0  2 -2  1  1 -2  1  1
  0  0  0  0  0  0  2 -2  1  1 -2  1  1 -2  1  1
  0  0  0  0  0  0  1 -1  0  1 -1  0  1 -1  1  0
  0  0  0  0  4 -2 -2  4 -2  4 -2  1  1 -2  1  1
 -8  4  4  4  4 -2 -2  4 -2  4 -2  1  1 -2  1  1
  4  4 -8  4  4 -2 -2  4 -2  4 -2  1  1 -2  1  1
  0  0  0  0  0  2 -2  4 -2  4 -2  1  1 -2  1  1
  0  0  0  0  0  1 -1  0  1  2 -1 -1  2 -1  2 -1
  0  0  0  0  0  1 -1  0  1  1  0 -1  2 -1  2 -1
  1 -2  1  1 -2  4 -2 -2  4  4 -2 -2  4 -2  4 -2
 -1  2 -1  2 -1  2 -1 -1  2  2 -1 -1  2 -1  2 -1
  0  0  0  0  0  2 -1 -1  2  2 -1 -1  2 -1  2 -1
  0  0  0  0  1 -1  0  1 -1  2 -1 -1  2 -1  2 -1
  0  0  0  0  1 -1  0  1 -1  1  0 -1  2 -1  2 -1
  0  0  0  0  0  0  0  1 -1  2 -1 -1  2 -1  2 -1
  0  0  0  0  0  0  0  1 -1  1  0 -1  2 -1  2 -1
  0  0  0  0  0  1 -1  1  1  0  1  0  0  0  0  0
  0  0  0  0  0  1 -1  1  1  0  1 -1  2 -1  2 -1
  1 -2  1  1 -2  2  0  2  2 -2  2  0  0  0  0  0
 -1  2 -1  2 -1  1  0  1  1 -1  1  0  0  0  0  0
  0  0  0  0  0  1  0  1  1 -1  1  0  0  0  0  0
 -1  2 -1  2 -1 -1  2  1  0 -1  1  0  0  0  0  0
 -1  2 -1  2 -1 -1  2  2 -1 -1  2  0  0  0  0  0
 -1  2 -1  2 -1 -1  2  2 -1 -1  2 -1  2 -1  2 -1
  0  0  0  1 -1  0  1  1  0 -1  1  0  0  0  0  0
 -1  2 -1  2 -1  0  1  1  0 -1  1  0  0  0  0  0
 -1  2 -1  2 -1 -1  2 -1  2  0 -2  2  0  0  0  0
  0  0  0  0  0  0  0  0  0  1 -1  1  0  0  0  0
 -1  2 -1  2 -1 -1  2 -1  2 -1 -1  2  0  0  0  0
 -1 -1  2  2 -1 -1  2 -1  2 -1 -1  2  0  0  0  0
 -2  1  1  1  1 -2  4 -2  4 -2 -2  4  0  0  0  0
  2 -1 -1  2 -1 -1  2 -1  2 -1 -1  2  0  0  0  0
  1  1 -2  1  1 -2  4 -2  4 -2 -2  4  0  0  0  0
  2 -4  2  2 -1 -1  2 -1  2 -1 -1  2  0  0  0  0
  0  0  0  0  1 -1  2 -1  2 -1 -1  2  0  0  0  0
  0  0  0  0  0  0  0  0  0  0  0  1  0  0  0  0
  1 -2  1  1 -2  1  1  1  1 -2  1  1  0  0  0  0
 -2  4 -2  4 -2  1  1  1  1 -2  1  1  0  0  0  0
  1  1  1 -2  1  1  1  1  1 -2  1  1  0  0  0  0
  0  0  0  0  0  1  1  1  1 -2  1  1  0  0  0  0
  0  0  0  0  0  0  1  0  1 -1  0  1  0  0  0  0
  0  0  0  1 -1  0  1 -1  1  0 -1  1  0  0  0  0
  0 -1  1  1 -1  0  1 -1  1  0 -1  1  0  0  0  0
  1 -1  0  1 -1  0  1 -1  1  0 -1  1  0  0  0  0
  1 -2  1  1 -1  0  1 -1  1  0 -1  1  0  0  0  0
  1 -2  1  1 -2  1  1 -2  1  1 -2  2  0  0  0  0
  1 -2  1  1 -2  1  1 -1  1  0 -1  1  0  0  0  0
 -1  2 -1  2 -1  0  1 -1  1  0 -1  1  0  0  0  0
 -2  4 -2  4 -2  1  1 -2  1  1 -2  2  0  0  0  0
  1  1  1 -2  1  1  1 -2  1  1 -2  2  0  0  0  0
  0  0  0  0  0  1  1 -2  1  1 -2  2  0  0  0  0
  1  1  1 -2  4 -2 -2  4 -2  4 -2  2  0  0  0  0
 -1  2  2 -1  2 -1 -1  2 -1  2 -1  1  0  0  0  0
  2  2 -1 -1  2 -1 -1  2 -1  2 -1  1  0  0  0  0
  1  1  1 -2  1  1 -2  4 -2  4 -2  2  0  0  0  0
  0  0  0  0  0  0  1 -1  0  1 -1  1  0  0  0  0
  0  0  0  0  2 -1 -1  2 -1  2 -1  1  0  0  0  0
 -4  2  2  2  2 -1 -1  2 -1  2 -1  1  0  0  0  0
  2  2 -4  2  2 -1 -1  2 -1  2 -1  1  0  0  0  0
  0  0  0  0  0  1 -1  2 -1  2 -1  1  0  0  0  0
 -1  2 -1  2 -1 -1  2 -1  2  2 -4  2  2  2  2 -4
  0  0  0  0  0  0  0  0  0  2 -2  1  1  1  1 -2
  0  0  0  0  0  0  0  0  0  1 -1  0  1  0  1 -1
  0  0  0  0  0  0  1 -1  1  1 -2  1  1  1  1 -2
 -1  2 -1  2 -1 -1  2 -1  2 -1 -1  2  2  2  2 -4
 -1 -1  2  2 -1 -1  2 -1  2 -1 -1  2  2  2  2 -4
 -2  1  1  1  1 -2  4 -2  4 -2 -2  4  4  4  4 -8
  2 -1 -1  2 -1 -1  2 -1  2 -1 -1  2  2  2  2 -4
  1  1 -2  1  1 -2  4 -2  4 -2 -2  4  4  4  4 -8
  2 -4  2  2 -1 -1  2 -1  2 -1 -1  2  2  2  2 -4
  0  0  0  0  1 -1  2 -1  2 -1 -1  2  2  2  2 -4
  0  0  0  0  0  0  0  0  0  0  0  1  1  1  1 -2
  0  0  0  0  0  0  0  0  0  0  0  0  1  0  1 -1
  1 -2  1  1 -2  1  1  1  1 -2  1  1  1  1  1 -2
 -2  4 -2  4 -2  1  1  1  1 -2  1  1  1  1  1 -2
  1  1  1 -2  1  1  1  1  1 -2  1  1  1  1  1 -2
  0  0  0  0  0  1  1  1  1 -2  1  1  1  1  1 -2
  0  0  0  0  0  0  1  0  1 -1  0  1  1  1  1 -2
  0  0  0  0  0  0  1 -1  1  0 -1  1  1  1  1 -2
  1  1  1 -2  4 -2 -2  4 -2  4 -2  1  1  1  1 -2
 -2  4  4 -2  4 -2 -2  4 -2  4 -2  1  1  1  1 -2
  4  4 -2 -2  4 -2 -2  4 -2  4 -2  1  1  1  1 -2
  1  1  1 -2  1  1 -2  4 -2  4 -2  1  1  1  1 -2
  0  0  0  0  0  0  2 -2  0  2 -2  1  1  1  1 -2
  0  0  0  0  0  0  1 -1  0  1 -1  0  1  0  1 -1
  0  0  0  0  0  0  2 -2  1  1 -2  1  1  1  1 -2
  0  0  0  0  4 -2 -2  4 -2  4 -2  1  1  1  1 -2
 -8  4  4  4  4 -2 -2  4 -2  4 -2  1  1  1  1 -2
  4  4 -8  4  4 -2 -2  4 -2  4 -2  1  1  1  1 -2
  0  0  0  0  0  2 -2  4 -2  4 -2  1  1  1  1 -2
  4
