amb_space 24
inequalities 9
-1  1 -1 -1  1  1      -1  1 -1 -1  1  1    -1 -1 -1 -1 -1 -1     1  1  1  1  1  1
-1 -1 -1  1  1  1      -1 -1 -1 -1 -1 -1    -1  1 -1 -1  1  1     1  1  1  1  1  1
-1 -1 -1 -1 -1 -1      -1 -1 -1  1  1  1    -1 -1 -1  1  1  1     1  1  1  1  1  1
-1 -1  1  1 -1  1      -1 -1 -1 -1 -1 -1     1  1  1  1  1  1    -1  1 -1 -1  1  1
-1 -1 -1 -1 -1 -1      -1 -1  1  1 -1  1     1  1  1  1  1  1    -1 -1 -1  1  1  1
-1 -1 -1 -1 -1 -1       1  1  1  1  1  1    -1 -1  1  1 -1  1    -1 -1  1  1 -1  1
 0  0  0  0  0  0       0  0  0  0  0  0     1  1  1  1  1  1    -1 -1 -1 -1 -1 -1
 0  0  0  0  0  0       1  1  1  1  1  1    -1 -1 -1 -1 -1 -1     0  0  0  0  0  0
 1  1  1  1  1  1      -1 -1 -1 -1 -1 -1     0  0  0  0  0  0     0  0  0  0  0  0 
nonnegative
total_degree
Multiplicity
FixedPrecision





