amb_space 16
constraints 32
0.0759529599987793 0.151174451472659 0.300893010337275 0.598888256500151 1.19200889170458 2.37253808616371 4.72222733359641 9.39897703653824 18.7074367862111 37.2347107296459 74.1108308404019 147.507933866709 293.595285694244 584.363088291743 1163.09844059788 2314.99560739851 >= -1/2
0.0759529599987793 0.145364902082174 0.27821107640439 0.532462801717673 1.01907026448124 1.95037888205479 3.73279244439703 7.1441193099199 13.6729918618914 26.1684748455642 50.0833382086282 95.8535329599089 183.452224023547 351.105665695827 671.974347216891 1286.07871485833 >= -1/2
0.0759529599987793 0.133969061026247 0.236300327367659 0.416796566956033 0.735163510611836 1.29671266556313 2.28719694701993 4.03425524665902 7.11579097567502 12.5511347482119 22.1382252522992 39.0483432098727 68.8751284287189 121.484880692022 214.280199158234 377.956528332895 >= -1/2
0.0759529599987793 0.117424864085796 0.181541294846039 0.280666637265989 0.433916489033554 0.67084396381879 1.03713879321444 1.60343825748555 2.47894906871612 3.83250708694277 5.92513608158706 9.16038425732705 14.1621455754665 21.8949731437609 33.8500862324471 52.3329410098234 >= -1/2
0.0759529599987793 0.0963680954711512 0.122270545149079 0.155135225387207 0.196833490245715 0.249739688620744 0.31686636250024 0.40203578469503 0.510097603607977 0.64720498799374 0.821164995720883 1.04188311695119 1.32192730455465 1.67724360832404 2.12806416205434 2.70005922535321 >= -1/2
0.0759529599987793 0.0716079549914002 0.067511512627458 0.0636494135015417 0.0600082516510307 0.0565753880218583 0.0533389065963373 0.0502875730307602 0.0474107956591988 0.044698588728141 0.042141537734346 0.0397307667456007 0.0374579075909421 0.0353150708133998 0.0332948182844314 0.031390137384991 >= -1/2
0.0759529599987793 0.0440959609595335 0.0256007635907271 0.014863018792804 0.00862901322659224 0.00500974063901163 0.00290850188904811 0.00168858706431265 0.000980341901960115 0.000569156465219036 0.000330434801626797 0.000191840319487754 0.000111376610453791 6.46618468385495e-05 3.75406866804116e-05 2.17949722338684e-05 >= -1/2
0.0759529599987793 0.0148893838772917 0.00291882965784241 0.000572190672341646 0.000112168986852354 2.19889666498636e-05 4.31059125964343e-06 8.45023656799696e-07 1.65653604700669e-07 3.24737852360861e-08 6.36597512903494e-09 1.24794935511422e-09 2.44640854128831e-10 4.79579938589785e-11 9.40141082799942e-12 1.84299880884774e-12 >= -1/2
0.0759529599987793 -0.0148893838772917 0.0029188296578424 -0.000572190672341644 0.000112168986852353 -2.19889666498635e-05 4.3105912596434e-06 -8.45023656799689e-07 1.65653604700667e-07 -3.24737852360857e-08 6.36597512903486e-09 -1.24794935511421e-09 2.44640854128828e-10 -4.79579938589777e-11 9.40141082799925e-12 -1.84299880884771e-12 >= -1/2
0.0759529599987793 -0.0440959609595335 0.0256007635907271 -0.014863018792804 0.00862901322659222 -0.00500974063901162 0.0029085018890481 -0.00168858706431264 0.000980341901960111 -0.000569156465219032 0.000330434801626795 -0.000191840319487753 0.00011137661045379 -6.4661846838549e-05 3.75406866804113e-05 -2.17949722338682e-05 >= -1/2
0.0759529599987793 -0.0716079549914002 0.067511512627458 -0.0636494135015416 0.0600082516510307 -0.0565753880218583 0.0533389065963373 -0.0502875730307601 0.0474107956591987 -0.0446985887281409 0.0421415377343459 -0.0397307667456006 0.037457907590942 -0.0353150708133997 0.0332948182844313 -0.0313901373849909 >= -1/2
0.0759529599987793 -0.0963680954711512 0.122270545149079 -0.155135225387207 0.196833490245715 -0.249739688620744 0.316866362500239 -0.40203578469503 0.510097603607977 -0.647204987993739 0.821164995720882 -1.04188311695119 1.32192730455464 -1.67724360832403 2.12806416205433 -2.70005922535321 >= -1/2
0.0759529599987793 -0.117424864085796 0.181541294846039 -0.280666637265989 0.433916489033554 -0.67084396381879 1.03713879321444 -1.60343825748555 2.47894906871612 -3.83250708694277 5.92513608158706 -9.16038425732705 14.1621455754665 -21.8949731437609 33.8500862324471 -52.3329410098234 >= -1/2
0.0759529599987793 -0.133969061026247 0.236300327367659 -0.416796566956033 0.735163510611836 -1.29671266556313 2.28719694701992 -4.03425524665902 7.11579097567501 -12.5511347482118 22.1382252522991 -39.0483432098726 68.8751284287188 -121.484880692022 214.280199158234 -377.956528332894 >= -1/2
0.0759529599987793 -0.145364902082174 0.27821107640439 -0.532462801717673 1.01907026448124 -1.95037888205479 3.73279244439703 -7.1441193099199 13.6729918618914 -26.1684748455642 50.0833382086282 -95.8535329599089 183.452224023547 -351.105665695827 671.974347216891 -1286.07871485833 >= -1/2
0.0759529599987793 -0.151174451472659 0.300893010337275 -0.598888256500151 1.19200889170458 -2.37253808616371 4.72222733359641 -9.39897703653824 18.7074367862111 -37.2347107296458 74.1108308404018 -147.507933866709 293.595285694243 -584.363088291742 1163.09844059788 -2314.99560739851 >= -1/2
0.0759529599987793 0.151174451472659 0.300893010337275 0.598888256500151 1.19200889170458 2.37253808616371 4.72222733359641 9.39897703653824 18.7074367862111 37.2347107296459 74.1108308404019 147.507933866709 293.595285694244 584.363088291743 1163.09844059788 2314.99560739851 <= 1/2
0.0759529599987793 0.145364902082174 0.27821107640439 0.532462801717673 1.01907026448124 1.95037888205479 3.73279244439703 7.1441193099199 13.6729918618914 26.1684748455642 50.0833382086282 95.8535329599089 183.452224023547 351.105665695827 671.974347216891 1286.07871485833 <= 1/2
0.0759529599987793 0.133969061026247 0.236300327367659 0.416796566956033 0.735163510611836 1.29671266556313 2.28719694701993 4.03425524665902 7.11579097567502 12.5511347482119 22.1382252522992 39.0483432098727 68.8751284287189 121.484880692022 214.280199158234 377.956528332895 <= 1/2
0.0759529599987793 0.117424864085796 0.181541294846039 0.280666637265989 0.433916489033554 0.67084396381879 1.03713879321444 1.60343825748555 2.47894906871612 3.83250708694277 5.92513608158706 9.16038425732705 14.1621455754665 21.8949731437609 33.8500862324471 52.3329410098234 <= 1/2
0.0759529599987793 0.0963680954711512 0.122270545149079 0.155135225387207 0.196833490245715 0.249739688620744 0.31686636250024 0.40203578469503 0.510097603607977 0.64720498799374 0.821164995720883 1.04188311695119 1.32192730455465 1.67724360832404 2.12806416205434 2.70005922535321 <= 1/2
0.0759529599987793 0.0716079549914002 0.067511512627458 0.0636494135015417 0.0600082516510307 0.0565753880218583 0.0533389065963373 0.0502875730307602 0.0474107956591988 0.044698588728141 0.042141537734346 0.0397307667456007 0.0374579075909421 0.0353150708133998 0.0332948182844314 0.031390137384991 <= 1/2
0.0759529599987793 0.0440959609595335 0.0256007635907271 0.014863018792804 0.00862901322659224 0.00500974063901163 0.00290850188904811 0.00168858706431265 0.000980341901960115 0.000569156465219036 0.000330434801626797 0.000191840319487754 0.000111376610453791 6.46618468385495e-05 3.75406866804116e-05 2.17949722338684e-05 <= 1/2
0.0759529599987793 0.0148893838772917 0.00291882965784241 0.000572190672341646 0.000112168986852354 2.19889666498636e-05 4.31059125964343e-06 8.45023656799696e-07 1.65653604700669e-07 3.24737852360861e-08 6.36597512903494e-09 1.24794935511422e-09 2.44640854128831e-10 4.79579938589785e-11 9.40141082799942e-12 1.84299880884774e-12 <= 1/2
0.0759529599987793 -0.0148893838772917 0.0029188296578424 -0.000572190672341644 0.000112168986852353 -2.19889666498635e-05 4.3105912596434e-06 -8.45023656799689e-07 1.65653604700667e-07 -3.24737852360857e-08 6.36597512903486e-09 -1.24794935511421e-09 2.44640854128828e-10 -4.79579938589777e-11 9.40141082799925e-12 -1.84299880884771e-12 <= 1/2
0.0759529599987793 -0.0440959609595335 0.0256007635907271 -0.014863018792804 0.00862901322659222 -0.00500974063901162 0.0029085018890481 -0.00168858706431264 0.000980341901960111 -0.000569156465219032 0.000330434801626795 -0.000191840319487753 0.00011137661045379 -6.4661846838549e-05 3.75406866804113e-05 -2.17949722338682e-05 <= 1/2
0.0759529599987793 -0.0716079549914002 0.067511512627458 -0.0636494135015416 0.0600082516510307 -0.0565753880218583 0.0533389065963373 -0.0502875730307601 0.0474107956591987 -0.0446985887281409 0.0421415377343459 -0.0397307667456006 0.037457907590942 -0.0353150708133997 0.0332948182844313 -0.0313901373849909 <= 1/2
0.0759529599987793 -0.0963680954711512 0.122270545149079 -0.155135225387207 0.196833490245715 -0.249739688620744 0.316866362500239 -0.40203578469503 0.510097603607977 -0.647204987993739 0.821164995720882 -1.04188311695119 1.32192730455464 -1.67724360832403 2.12806416205433 -2.70005922535321 <= 1/2
0.0759529599987793 -0.117424864085796 0.181541294846039 -0.280666637265989 0.433916489033554 -0.67084396381879 1.03713879321444 -1.60343825748555 2.47894906871612 -3.83250708694277 5.92513608158706 -9.16038425732705 14.1621455754665 -21.8949731437609 33.8500862324471 -52.3329410098234 <= 1/2
0.0759529599987793 -0.133969061026247 0.236300327367659 -0.416796566956033 0.735163510611836 -1.29671266556313 2.28719694701992 -4.03425524665902 7.11579097567501 -12.5511347482118 22.1382252522991 -39.0483432098726 68.8751284287188 -121.484880692022 214.280199158234 -377.956528332894 <= 1/2
0.0759529599987793 -0.145364902082174 0.27821107640439 -0.532462801717673 1.01907026448124 -1.95037888205479 3.73279244439703 -7.1441193099199 13.6729918618914 -26.1684748455642 50.0833382086282 -95.8535329599089 183.452224023547 -351.105665695827 671.974347216891 -1286.07871485833 <= 1/2
0.0759529599987793 -0.151174451472659 0.300893010337275 -0.598888256500151 1.19200889170458 -2.37253808616371 4.72222733359641 -9.39897703653824 18.7074367862111 -37.2347107296458 74.1108308404018 -147.507933866709 293.595285694243 -584.363088291742 1163.09844059788 -2314.99560739851 <= 1/2
ProjectionFloat
LatticePoints
