20
7
-40 87 -43 -82 38 49 328
30 36 19 -6 -54 -49 305
-86 -57 19 -43 -48 35 803
-11 -57 -73 94 -44 87 859
-96 -5 38 -32 85 -74 694
5 40 64 83 -89 71 823
57 19 32 52 -90 -1 825
-38 79 -24 -74 -84 -74 657
47 32 -10 42 -23 60 659
-21 30 39 -68 -28 -85 961
8 -5 10 65 4 59 715
-57 82 12 -74 -84 -36 857
-44 -100 94 24 -18 -68 637
-52 -67 62 -12 56 -100 718
17 -34 65 46 51 -81 493
22 -78 -52 80 43 -29 822
98 -39 -43 25 63 -97 345
-11 48 67 -61 -89 -52 704
-35 -13 87 -100 56 -68 846
7 -47 82 10 -98 37 133
inequalities
1
7
0 0 0 0 0 0 1
grading