25
7

3 11 -6 -30 -24 28 601
20 -10 -21 -4 -24 -28 257
24 9 -29 -18 -15 -21 794
26 -23 -22 -4 -4 -9 21
-20 29 1 6 15 24 480
-28 12 11 -25 27 -10 627
22 -13 20 12 -24 -14 201
-8 -21 -3 -18 -3 -22 309
9 14 21 -5 1 -10 290
3 -17 -17 14 10 -21 684
-16 26 -27 13 -11 -14 641
29 -29 -2 -28 11 -2 293
-4 17 30 24 -12 2 322
-21 -16 -23 -11 -6 30 14
-29 30 7 20 17 15 267
-5 -12 -5 -30 -20 4 344
8 -1 -3 0 -3 -17 434
14 -22 -9 -23 -25 3 626
-11 1 -6 8 7 16 174
24 15 -15 -21 -21 -7 561
8 -10 -11 -9 8 14 211
-8 -13 19 18 -2 -22 223
-27 4 -10 -3 16 -4 606
2 -5 -13 -13 -4 -22 772
21 22 -17 16 14 -2 682



inequalities
1
7
0 0 0 0 0 0 1
grading
