25
6
-23 56 -61 -2 24 173
-59 -88 -92 -50 -8 262
-18 -57 58 4 -5 319
23 -83 44 46 -66 484
-78 25 -22 11 96 134
-64 -68 31 -14 67 76
98 -72 29 74 -42 373
12 91 -29 13 -37 346
-33 -29 8 -39 12 345
-1 69 -58 66 25 173
77 -72 50 23 -16 388
-46 -4 -83 -11 -36 20
89 -52 42 -23 -61 188
-66 -27 86 -28 -86 274
33 -48 -55 -24 -29 299
-12 81 -32 -70 -35 193
21 100 -34 -37 -69 195
97 -81 85 -23 -35 421
13 49 18 7 85 225
66 -52 -82 -22 -92 166
-91 55 3 -37 -49 133
91 39 -39 38 91 468
9 5 -64 -95 -93 128
73 51 -79 61 89 387
52 90 17 -99 -24 41
inequalities
1
6
0 0 0 0 0 1
grading