20
10
-9 -5 7 8 7 -4 -9 -10 1 29
-5 -2 4 4 8 1 -2 3 -5 18
0 9 -8 -8 5 -5 -3 0 -7 25
0 10 2 -3 8 10 6 3 4 11
3 10 0 5 -4 -6 10 4 -8 45
-2 3 -3 9 -4 0 -9 9 -7 21
6 10 -8 10 4 -5 -6 10 -7 36
8 -3 -4 4 -6 -3 -4 -6 1 1
1 3 -6 2 8 8 0 0 9 47
9 6 -7 -3 -1 -8 9 5 -1 2
0 3 -7 7 0 -7 5 3 -2 39
-9 5 9 1 3 -5 10 -7 3 15
-9 0 1 4 -8 1 8 0 7 38
-9 7 -10 -3 -6 7 7 -5 4 29
3 -10 -2 -8 5 8 2 8 3 22
1 -6 2 -6 8 6 -6 -9 8 50
7 4 -10 -6 9 -2 -6 6 8 17
9 9 -4 -8 4 -7 -5 2 6 30
3 0 -3 -2 4 8 7 -10 -3 11
-5 -10 10 -6 -4 -6 -3 -5 -3 5
inequalities
1
10
0 0 0 0 0 0 0 0 0 1
grading