30
7
89 -67 75 -100 -58 7 7
-64 17 69 55 34 -65 752
-17 82 41 21 89 -75 855
-60 21 0 86 71 -6 183
89 22 -24 -78 36 37 650
-83 39 59 96 -12 -10 92
-19 82 99 -53 -56 -3 767
-47 -79 -29 -26 81 -39 955
28 -10 -5 -52 88 66 855
0 -93 -53 -14 -81 78 612
11 45 -7 -11 -11 2 996
8 35 -36 -65 66 -60 776
58 -11 -39 81 -63 -90 641
29 36 86 67 -6 -25 732
91 20 -87 -96 90 81 213
-26 65 -35 -65 62 -44 788
7 -37 -34 -16 25 -54 152
-100 90 -42 -24 -69 69 234
92 6 -11 -70 -61 -30 897
-8 19 92 -28 -97 -53 371
-34 76 95 -34 -56 -80 619
-80 -48 89 29 -67 -69 338
-78 23 -92 70 -49 -51 649
0 -72 -7 -10 36 -55 852
-40 -48 -57 19 -82 65 287
-9 -77 92 62 -76 41 392
14 25 -7 -43 84 14 179
-57 -26 -86 18 92 -28 908
-54 7 -6 -9 -9 93 607
41 -5 42 -20 41 -47 171
inequalities
1
7
0 0 0 0 0 0 1
grading