20
8
-93 87 -35 78 -27 10 -82 168
-47 76 -28 95 89 82 -97 393
31 93 -30 26 35 -68 -47 138
-20 32 -100 -13 -61 -60 68 450
58 -98 91 -71 -99 96 -53 4
73 -45 17 -14 39 90 -81 4
-21 -82 -91 67 -80 96 -30 222
33 -36 47 67 30 -73 -35 459
-6 -8 -67 15 25 -34 11 340
-24 7 78 -4 -99 -77 -4 495
-6 -96 -39 -16 21 -27 -51 272
16 26 75 -22 38 89 -7 249
-84 97 -16 96 23 -95 27 288
-79 -88 40 -67 25 -35 -18 165
-2 -63 69 43 -44 -5 -9 443
-77 24 -67 -58 -84 -14 52 49
-88 -40 -95 -23 -24 -54 0 170
86 4 58 -92 42 83 -90 76
-25 33 63 0 100 -24 -65 277
-100 -94 -95 -16 -39 27 98 246
inequalities
1
8
0 0 0 0 0 0 0 1
grading