25
7
73 13 51 96 -64 44 238
24 -53 84 24 86 73 21
78 94 69 71 -86 -78 459
8 22 22 6 -34 54 120
-62 -63 -68 91 -37 -57 22
-22 -94 -64 45 -62 -80 303
-33 -95 33 -85 79 -49 227
12 -32 1 78 -96 -9 150
32 91 29 22 76 21 382
33 3 0 -36 16 4 294
-94 -33 4 24 -80 84 331
9 6 -29 -28 88 -8 17
-41 -70 19 -17 -24 89 145
39 100 83 26 -41 72 242
25 13 -36 -50 61 57 96
27 51 -72 -92 -32 -85 421
-88 36 48 -16 -68 85 420
-92 -61 13 9 -52 -7 376
-52 50 -20 -71 31 47 36
30 31 42 -66 49 54 228
-13 -89 -46 87 -11 75 354
-76 -10 52 -87 -18 -60 269
-3 80 -29 -64 27 -54 159
-95 -95 51 9 -64 -40 218
-73 94 26 -26 15 85 292
inequalities
1
7
0 0 0 0 0 0 1
grading