30
8
65 93 39 26 -41 24 83 378
36 37 43 -80 -60 -33 -41 397
0 -46 -57 -56 78 59 -42 692
35 -85 93 -38 15 33 18 65
42 -37 61 -36 38 1 -34 898
67 84 52 78 -80 25 -96 322
59 -75 43 -97 -62 90 44 638
18 -62 1 -97 -89 9 -35 586
-84 -51 15 -55 97 -33 -98 432
78 0 36 77 -40 44 -83 824
45 13 -73 -19 33 24 24 918
-18 -67 -51 -73 -74 63 12 632
16 58 -23 90 87 -77 -81 629
39 26 -92 -25 -14 -34 -98 862
9 -9 -80 -5 -76 -57 47 659
-5 -62 31 81 47 -99 83 637
-94 -40 80 -57 -15 -15 -17 138
-71 -25 9 50 -71 -23 -10 510
100 -56 -51 68 56 22 -54 179
83 -59 -71 -55 -9 66 4 952
-76 -40 83 68 -94 37 99 488
-82 -51 -91 -59 -41 26 90 106
-89 81 -79 75 54 8 14 977
76 75 -29 -49 53 35 -8 335
71 -79 -29 10 19 100 -95 903
-66 79 -75 -32 82 92 2 62
20 21 -88 60 10 -6 -50 812
-20 -83 -40 15 -48 -97 -52 577
40 -78 70 18 -41 -15 91 177
10 35 -38 -21 -54 45 96 597
inequalities
1
8
0 0 0 0 0 0 0 1
grading