40
8
-94 -69 5 -28 -11 -79 -67 498
87 -66 42 7 3 -57 -56 646
-46 -26 -25 59 39 -22 -47 984
66 8 -49 -37 90 -90 91 66
-53 -15 -80 -76 41 -2 -19 699
-33 -13 -79 2 1 4 -55 98
28 -93 -40 -72 29 42 92 713
-22 -64 51 72 -11 14 0 439
48 81 78 -54 52 -2 -36 142
-15 13 12 -49 20 -92 -41 285
23 -1 92 27 85 -50 9 187
-78 21 73 -13 67 12 23 219
15 -3 -99 -63 -76 -9 8 806
-27 -36 24 -54 -46 -9 -22 905
9 6 95 82 -67 9 23 329
88 -18 -57 94 -100 52 -52 299
-8 33 -92 74 10 -6 -100 347
-88 -33 60 -98 -62 47 -83 791
-43 -63 46 -85 3 -54 -76 701
10 -97 -89 14 50 16 -12 542
13 34 -4 -55 83 84 99 773
6 -74 -54 -100 -62 40 68 729
-33 23 37 30 -16 26 96 277
74 71 63 46 30 -76 26 173
58 23 73 -51 77 76 -58 412
50 92 -12 -30 -67 -14 62 320
15 -27 -53 -77 18 -9 59 360
-56 -50 -74 14 -34 12 94 432
17 12 64 -53 78 -27 -57 149
-96 97 66 61 -93 81 -45 81
-34 56 -80 75 20 -24 57 26
82 0 16 98 -24 41 100 976
50 -4 84 -3 -55 0 79 262
-35 -12 69 -46 13 -53 -84 809
-37 39 -48 -52 -28 30 -16 512
-52 -89 48 -27 -70 75 9 483
-1 -37 -79 26 22 -16 -92 188
31 -37 16 -79 78 -32 -37 8
1 12 -79 31 -45 25 9 421
-48 -15 -20 30 -11 -49 91 516
inequalities
1
8
0 0 0 0 0 0 0 1
grading