30
6
-82 67 -88 44 -84 866
75 -31 -5 74 -83 859
-64 -18 -28 1 95 578
-35 57 -12 -78 81 344
47 -49 -46 -87 -95 666
-43 69 69 68 39 462
-37 -69 -7 -57 86 577
-5 -34 94 -32 -42 94
97 16 79 -58 46 282
78 12 -1 -52 -78 18
-56 94 -1 -20 -12 221
49 29 3 -79 -7 273
-46 -43 -8 47 -61 260
-89 -35 50 57 83 325
-36 -61 -76 93 -25 141
41 -100 -100 -89 52 667
-46 63 -7 17 69 167
63 63 92 27 43 280
88 -87 5 36 81 988
-54 71 -27 25 -83 685
-40 57 -67 -99 8 706
37 -97 75 -81 43 472
-13 33 -100 -90 75 295
52 56 -62 11 66 119
-1 61 -21 -58 76 939
98 86 -78 9 8 124
-29 -34 40 -63 -66 225
38 -31 33 -34 -77 79
-46 -20 70 -69 60 603
81 15 25 24 -80 319
inequalities
1
6
0 0 0 0 0 1
grading