36
4
   8   8   8   7
   1   1   1  -1
  -2  -2  -2   2
  -4  -4  -4   4
   0  4   0  1
   0   1   0  7
   0 -2   0  7
   0 -2   0  1
   8  48   8  17
   1   6   1  34
  -2 -12  -2  37
  -4 -24  -4  14
   0 -32   8   120
   0  -4   1   90
   0   8  -2   90
   0  16  -4   120
   8  -8  -8 122
   1  -1  -1 124
  -2   2   2 127
  -4   4   4 119
 -16  -8  -8 116
  -2  -1  -1 127
   4   2   2 121
   8   4   4 122
  -8   0   0 123
  -1   0   0 126
   2   0   0 123
   4   0   0 126
  -8  40   0 133
  -1   5   0 161
   2 -10   0 158
   4 -20   0 136
   0  88   8  150
   0  11   1  195
   0 -22  -2  195
   0 -44  -4  150
inhom_inequalities
