amb_space 14
/*total_degree
HilbertSeries */
cone 56
 0 2 0 0 0 0 0 0 0 0 0 0 0 0
 0 887973348627031551644304961711168289184570286 653871283988995960756260926350951194763164660 171723771552665605855179637223482131949336650 27319690928833164567869487740099427225178125 3065482202923617426836264598368875718062500 261133669137937780804570687863670722750000 17635001032691902080308645843614838437500 971158273653487614559157549542391015625 44470547211068792742626542384160156250 1716991181090425790468325857226562500 56461301993505893253786157324218750 1592811387374604601055099853515625 38727900876890845880068359375000
 0 -26 8211601634130329073115733900354618532 5271645493515766812370594602694750962 1830432463026307920962012014494233625 433880287532161877561365769883673140 77000359670059592468448211471709040 10755605795182927201614880607427180 1219964546212878294825370714190565 114752691001797999763509553392450 9084588037581683195695053993780 611756767685130337232413592310 35308093361684326692312640005 1752997194082325539473337080
 0 -338955444315678765248583968561042717659330754 259013122543113018727691523130800166145195604 381189123742694631335093182825509073454895354 224757738055834098664559430368043346112857125 85492754701992743944840234084132205615067780 23850404613628703498235174373803682486856880 5185802261004623698056417175433611006731420 910628656038330571196282052419404720626945 132166713503282432149024777826840834714250 16109376774664556187160674854108031690660 1667664179923505429859442555335378503310 147802309902162988221662901182381423265 11235214953232776438725214065116641240
 0 -91733330193268616658399616034 -4212 63507690133801349994276202458 61065086667116682686769133875 33820663384864624255201864260 13297012954733100035436561360 4018328090716042866072358620 973671806596455181475881335 194179562565697883265427050 32434388393561258888089020 4592979998547581589023790 556102988500243293326295 57511512305295543045720
 0 -374038096000408644230117154116650821821728514 -165016807059003813630938844415729712938928940 140210358939022848182738434143277498205998650 257739630402615529723569802510775793929053125 202148729727541590798955965052428330735562500 106359298974294716002512604972151305572750000 42135136448398771856497373089564707000937500 13253290467805011513964782701691700625390625 3412413865042954403268881359686561503906250 733437356399217274887040234787755664062500 133352046971598920813597472339145605468750 20697386428903974408309867466027587890625 2729082230424164242199811767958984375000
 0 -4440892098500626161694587677143161146 -3597122599785507190979143682445059100 -454358516813808750 2805755627832695586369755235003515625 3232230483263264480992815482695312500 2230239033451626971029925814843750000 1121491628249326166355012026367187500 441587328610040705230980743408203125 141307944926178992621772766113281250 37587909949115827385330200195312500 8435269476917199431419372558593750 1612770515719086563587188720703125 260164380428245067596435546875000
 0 -23468700844119385764146 -27156639548195289243468 -11207502035763135365718 10006698246217079896125 20585207820789267741540 18788086503097282229040 11809654373291001006780 5693940499941768139065 2209289061413579595450 708693756427832955780 191153307405883332510 43817709982255532505 8403016116198233880
 0 -1023490369077469249582 -1535235553616203877868 -1108781233167258530568 -6318000 923984360972542434240 1180646683461369671040 927650965512669615360 541129728927154498560 250523010682236864000 95198616531776609280 30289305261952788480 8164169726126469120 1822183883966545920
 0 -104378812265871835542944283627924110770002674 -192735952740173687617165235998359860266868172 -191915799749790382671275336158076868179519382 -76562154155514434994466616383853439070699875 70372022542616830634478821787758576150687460 154968177296072793835426421787492518527610160 155439205105077941320767722974068560204501820 109386205458130692200769700764979051636367385 59846544038680500676087770834562018950109050 26612499730062459269930057944402386732751620 9854204196497555611163977273988461151540190 3078411561342993416854575829121217736361145 786630287632185822377016075235184303748120
 0 -1016210616616598215670545368156318506 -2236767933313709900160628302635065020 -2809466969379610346428051343155852350 -1908605278113113385880213953360909375 -42153249692916870117187500 1659656762872860277631370898005750000 2267853953096863446503801058919687500 1941233582722444515175898321905078125 1250391039745318486025205639082031250 645574490307829338858793904882812500 275526604195737624146290182714843750 98669961821052233272563655517578125 28489065478137476256060263671875000
 0 -43324930223107408048545993959922458327424674 -111200654239310297549988615201887013392218860 -168271889483867512439724013252764252457309350 -154249232027940681095430738826708505015896875 -60328588546555538534741652768876715451437500 56530121537914828915781737624442383104750000 130288467629283220674735369724313136075937500 139336245013572813720385520965332779206640625 105964070871676018835203997432543469316406250 63273633280540937164970977106775383789062500 30921072170476726940327882043748856542968750 12587362405588996286082463035547578369140625 4062285931190754581208448138735927734375000
 0 -5959088268863658091483058714 -17552223628291679417946546372 -31115305522952212192205974542 -35358301732190507152619018625 -23143615705587799575317761740 -362671525990950873840 20739080260993776331747975020 29694562603925457046593991635 26994822597750445647517930050 18649439740227146739449752620 10395149163207323564161273590 4779456302118115024690249395 1708436776364039800954089720
 0 -16238373804377612518714437230975599698257954 -54225182714691861302574727584183028544777196 -110505411115671045345680695450598864673227046 -149145592284538069727085756949072030964992875 -129860720950887228508091753002836220458860220 -50165841391500728424545744147966634835479120 47665801657102064946562796265999945486867420 113482985579477381058917074997058468251424945 127066279072295388740202911488845299799014250 102164754781288172349856551926613269119554660 64882178927130681881031822887547304115531310 33533600988989052797588961249438896874845265 13173837900181918302753098730212143303857240
 0 -15251194969994 -57191981138172 -132177023092062 -206526598887375 -220295043004140 -140744101389840 -431582580 129012225369885 191114477032050 181475727481620 131603280432390 76217591523645 32690062564920
 0 -5562802374507466407447850482343380473603954 -23247921745645429514335303487093140163875020 -60310573094259592033086997119043241429712150 -107259658264107194716860103409146196831971875 -134541741952076542822060502300181364584937500 -113212056657556740859516233544979249489250000 -43392239106433394727830404867872104466562500 41665568197032224953140229900962451147265625 101604472000705451911342368717541585722656250 117592545950609839623921200950704622851562500 98049397891150876636597267896530599511718750 63540306015133316194980034416595760009765625 29587695486431267488458015548763662109375000
 0 -20861625673936855582 -96559524617670082260 -278949739217322256200 -557899499634334650000 -803375520178257000000 -821230496347014000000 -516218487976620000000 -109121126400000000 481231399935000000000 729916751850000000000 710166471300000000000 515431449000000000000 259420680000000000000
 0 -1748803631843040305751594358043087118079634 -8918898566312826041822003649274084020151692 -28509984278051077090213556194529062220363382 -63549364270695509030871633570675786200929875 -103417201552532440053922475489357507319384540 -123432364713617170024318296775803481030284240 -101465319605562105510527547894598191624997380 -38738911373697298731234356053398238462101015 37289358007537801218584930004276113847025050 92365271975651279115035432038440034945610820 108136533608368762479014297959168713906665790 88314623513774779404666512701861517020254345 47904015537825016838089327882551705572916120
 0 -14147627460914399615644780143416186 -79161562713255979481209686876235164 -278553511685819771554811167673600814 -687221368560700671458006466051648375 -1250024593439103008798461073358259980 -1702374925688940502434217618405000080 -1689818323171946085938923906932635220 -1051871784972456822291991012917829995 -6288095290158528087102683261046750 972413294837049655036462809957245940 1472958585386531661349402015012400790 1370401602512903881177241683187880885 800795635043509887509417980220471160
 0 -504270750322336162641747513306303859550594 -3084550199216561565832733750468207004410412 -11897295317003677813349785866952553273952582 -32309548290408583947935500415016112056634875 -65159837976605386892005296059276412266220540 -99768218530061886040725150391636547234402640 -115048648916633014699115617882164301732196580 -93230454143469015895207330335691039223456415 -36236859929633548325613946813306873067968950 31681754116993419845655666988306878365386020 79040852548694778267283382938131520630461390 86432193480900805623862074629732175666124545 54670674291668962001727699312992957535996120
 0 -58149762335014089231405794 -387665492710747614732809460 -1633226395097242685106613350 -4860856592528838049168678125 -10802419607125428276581437500 -18407452424598730642002750000 -24122619121234487851274062500 -23530892376265872893328515625 -14827291073994942615058593750 -1108259297703506469726562500 11022092819871063590917968750 15602570893235335251708984375 10880153838678831240234375000
 0 -14156145074941440866 -102595381295348743020 -470739660656363461350 -1529981138081039596875 -3729023769834053437500 -7020783363602999250000 -10313920932855674062500 -11671700470787555859375 -9578069629736308593750 -4405695285872460937500 1359486851184667968750 4623758955476806640625 3816986754990234375000
 0 -981025729181688767954806260603866 -7712816521355740924165864293686748 -38449261404561225030859939169372238 -136081990456070089292674918659786375 -362450450182585985244030915710518860 -750145925092056444191476510870012560 -1224742259401436012781205955940409620 -1576519633124753103645745378323295035 -1563764383279574862220853675782103550 -1110856495169129274889598420049753420 -426267266952270300062350525827865290 109596134952697032139498868117624805 229842319348406768389430739854041080
 0 -31813063777242677146219895493909089721554 -270862029098413034185451344457104281763596 -1464333783821186230942428218777811141288246 -5631972168977140703492764166411878973917875 -16352877499161345839249560157813941167824220 -37088675479020356293485597516177095032647120 -66969861826682165835482988171340488529064580 -97030203537036632233410450348669753285176055 -112466344489628816519070077246966989658835750 -102595799060201405651517206723791558424513340 -71040949666962037641257943185719689999954690 -34863519241875643074002047547518092172443735 -10655176983983726381779668826036469330534760
 0 -99155447777000782 -913260024920003256 -5348823118973377056 -22335227904182544000 -70643232628320568320 -175438825484986552320 -349820956221148938240 -567666931307606507520 -754990962073524633600 -824340006350149386240 -735187444145407918080 -523112316542165975040 -262301332511171543040
 0 -6888686990374658785685287758935379711794 -68658006988864329348676654524477330938700 -435986126263281164925734444906832690033750 -1979277185632252887039762410816155313671875 -6832214628641327715608397029936661210937500 -18618651633095444072970050085785538281250000 -41046978041555098410835653575403500976562500 -74402510695566964206580766955325286865234375 -111992348922940586198326919527061462402343750 -140463696660986029495018643487167358398437500 -145667242416498984989210383252143859863281250 -120377776892448264773301467549800872802734375 -67928270030749912341808226108551025390625000
 0 -46736369551981988584267399311626 -506049803280624439648335077515260 -3500079767881926071933094337821150 -17360489568296582753747976520959375 -65710961934355046693213052846187500 -197146688228427511760935270070250000 -480468834107065095832574328535312500 -966137099541344488354163785801171875 -1616094391496319975089223349980468750 -2248371161064224636037664835742187500 -2566066902174322719812280921972656250 -2295769615401723094338974848388671875 -1366264864875046053150054580078125000
 0 -1537719513936400150381597556469019842914 -18194276024086805790443829711996078438252 -137605015019774649300062174086422108900582 -746496738417081032402191497391368500044875 -3088964924761932258143477019890426237844540 -10117196460173653751377187064024551652367440 -26845061719973161498521496329360053425762980 -58518099262379867390997650593677203536279215 -105445588768256462060908504462371078170596950 -156674979403579375131443880056012062310327580 -188867670144910452090581696353911541913563410 -176082831228337029864467913830176535289911055 -107515204005796518262313388744407150482547880
 0 -26 -324 -2574 -14625 -63180 -215280 -592020 -1332045 -2466750 -3749460 -4601610 -4345965 -2674440
 0 -1537719513936400150381597556469019842914 -18194276024086805790443829711996078438252 -137605015019774649300062174086422108900582 -746496738417081032402191497391368500044875 -3088964924761932258143477019890426237844540 -10117196460173653751377187064024551652367440 -26845061719973161498521496329360053425762980 -58518099262379867390997650593677203536279215 -105445588768256462060908504462371078170596950 -156674979403579375131443880056012062310327580 -188867670144910452090581696353911541913563410 -176082831228337029864467913830176535289911055 -107515204005796518262313388744407150482547880
 0 -46736369551981988584267399311626 -506049803280624439648335077515260 -3500079767881926071933094337821150 -17360489568296582753747976520959375 -65710961934355046693213052846187500 -197146688228427511760935270070250000 -480468834107065095832574328535312500 -966137099541344488354163785801171875 -1616094391496319975089223349980468750 -2248371161064224636037664835742187500 -2566066902174322719812280921972656250 -2295769615401723094338974848388671875 -1366264864875046053150054580078125000
 0 -6888686990374658785685287758935379711794 -68658006988864329348676654524477330938700 -435986126263281164925734444906832690033750 -1979277185632252887039762410816155313671875 -6832214628641327715608397029936661210937500 -18618651633095444072970050085785538281250000 -41046978041555098410835653575403500976562500 -74402510695566964206580766955325286865234375 -111992348922940586198326919527061462402343750 -140463696660986029495018643487167358398437500 -145667242416498984989210383252143859863281250 -120377776892448264773301467549800872802734375 -67928270030749912341808226108551025390625000
 0 -99155447777000782 -913260024920003256 -5348823118973377056 -22335227904182544000 -70643232628320568320 -175438825484986552320 -349820956221148938240 -567666931307606507520 -754990962073524633600 -824340006350149386240 -735187444145407918080 -523112316542165975040 -262301332511171543040
 0 -31813063777242677146219895493909089721554 -270862029098413034185451344457104281763596 -1464333783821186230942428218777811141288246 -5631972168977140703492764166411878973917875 -16352877499161345839249560157813941167824220 -37088675479020356293485597516177095032647120 -66969861826682165835482988171340488529064580 -97030203537036632233410450348669753285176055 -112466344489628816519070077246966989658835750 -102595799060201405651517206723791558424513340 -71040949666962037641257943185719689999954690 -34863519241875643074002047547518092172443735 -10655176983983726381779668826036469330534760
 0 -981025729181688767954806260603866 -7712816521355740924165864293686748 -38449261404561225030859939169372238 -136081990456070089292674918659786375 -362450450182585985244030915710518860 -750145925092056444191476510870012560 -1224742259401436012781205955940409620 -1576519633124753103645745378323295035 -1563764383279574862220853675782103550 -1110856495169129274889598420049753420 -426267266952270300062350525827865290 109596134952697032139498868117624805 229842319348406768389430739854041080
 0 -14156145074941440866 -102595381295348743020 -470739660656363461350 -1529981138081039596875 -3729023769834053437500 -7020783363602999250000 -10313920932855674062500 -11671700470787555859375 -9578069629736308593750 -4405695285872460937500 1359486851184667968750 4623758955476806640625 3816986754990234375000
 0 -58149762335014089231405794 -387665492710747614732809460 -1633226395097242685106613350 -4860856592528838049168678125 -10802419607125428276581437500 -18407452424598730642002750000 -24122619121234487851274062500 -23530892376265872893328515625 -14827291073994942615058593750 -1108259297703506469726562500 11022092819871063590917968750 15602570893235335251708984375 10880153838678831240234375000
 0 -504270750322336162641747513306303859550594 -3084550199216561565832733750468207004410412 -11897295317003677813349785866952553273952582 -32309548290408583947935500415016112056634875 -65159837976605386892005296059276412266220540 -99768218530061886040725150391636547234402640 -115048648916633014699115617882164301732196580 -93230454143469015895207330335691039223456415 -36236859929633548325613946813306873067968950 31681754116993419845655666988306878365386020 79040852548694778267283382938131520630461390 86432193480900805623862074629732175666124545 54670674291668962001727699312992957535996120
 0 -14147627460914399615644780143416186 -79161562713255979481209686876235164 -278553511685819771554811167673600814 -687221368560700671458006466051648375 -1250024593439103008798461073358259980 -1702374925688940502434217618405000080 -1689818323171946085938923906932635220 -1051871784972456822291991012917829995 -6288095290158528087102683261046750 972413294837049655036462809957245940 1472958585386531661349402015012400790 1370401602512903881177241683187880885 800795635043509887509417980220471160
 0 -1748803631843040305751594358043087118079634 -8918898566312826041822003649274084020151692 -28509984278051077090213556194529062220363382 -63549364270695509030871633570675786200929875 -103417201552532440053922475489357507319384540 -123432364713617170024318296775803481030284240 -101465319605562105510527547894598191624997380 -38738911373697298731234356053398238462101015 37289358007537801218584930004276113847025050 92365271975651279115035432038440034945610820 108136533608368762479014297959168713906665790 88314623513774779404666512701861517020254345 47904015537825016838089327882551705572916120
 0 -20861625673936855582 -96559524617670082260 -278949739217322256200 -557899499634334650000 -803375520178257000000 -821230496347014000000 -516218487976620000000 -109121126400000000 481231399935000000000 729916751850000000000 710166471300000000000 515431449000000000000 259420680000000000000
 0 -5562802374507466407447850482343380473603954 -23247921745645429514335303487093140163875020 -60310573094259592033086997119043241429712150 -107259658264107194716860103409146196831971875 -134541741952076542822060502300181364584937500 -113212056657556740859516233544979249489250000 -43392239106433394727830404867872104466562500 41665568197032224953140229900962451147265625 101604472000705451911342368717541585722656250 117592545950609839623921200950704622851562500 98049397891150876636597267896530599511718750 63540306015133316194980034416595760009765625 29587695486431267488458015548763662109375000
 0 -15251194969994 -57191981138172 -132177023092062 -206526598887375 -220295043004140 -140744101389840 -431582580 129012225369885 191114477032050 181475727481620 131603280432390 76217591523645 32690062564920
 0 -16238373804377612518714437230975599698257954 -54225182714691861302574727584183028544777196 -110505411115671045345680695450598864673227046 -149145592284538069727085756949072030964992875 -129860720950887228508091753002836220458860220 -50165841391500728424545744147966634835479120 47665801657102064946562796265999945486867420 113482985579477381058917074997058468251424945 127066279072295388740202911488845299799014250 102164754781288172349856551926613269119554660 64882178927130681881031822887547304115531310 33533600988989052797588961249438896874845265 13173837900181918302753098730212143303857240
 0 -5959088268863658091483058714 -17552223628291679417946546372 -31115305522952212192205974542 -35358301732190507152619018625 -23143615705587799575317761740 -362671525990950873840 20739080260993776331747975020 29694562603925457046593991635 26994822597750445647517930050 18649439740227146739449752620 10395149163207323564161273590 4779456302118115024690249395 1708436776364039800954089720
 0 -43324930223107408048545993959922458327424674 -111200654239310297549988615201887013392218860 -168271889483867512439724013252764252457309350 -154249232027940681095430738826708505015896875 -60328588546555538534741652768876715451437500 56530121537914828915781737624442383104750000 130288467629283220674735369724313136075937500 139336245013572813720385520965332779206640625 105964070871676018835203997432543469316406250 63273633280540937164970977106775383789062500 30921072170476726940327882043748856542968750 12587362405588996286082463035547578369140625 4062285931190754581208448138735927734375000
 0 -1016210616616598215670545368156318506 -2236767933313709900160628302635065020 -2809466969379610346428051343155852350 -1908605278113113385880213953360909375 -42153249692916870117187500 1659656762872860277631370898005750000 2267853953096863446503801058919687500 1941233582722444515175898321905078125 1250391039745318486025205639082031250 645574490307829338858793904882812500 275526604195737624146290182714843750 98669961821052233272563655517578125 28489065478137476256060263671875000
 0 -104378812265871835542944283627924110770002674 -192735952740173687617165235998359860266868172 -191915799749790382671275336158076868179519382 -76562154155514434994466616383853439070699875 70372022542616830634478821787758576150687460 154968177296072793835426421787492518527610160 155439205105077941320767722974068560204501820 109386205458130692200769700764979051636367385 59846544038680500676087770834562018950109050 26612499730062459269930057944402386732751620 9854204196497555611163977273988461151540190 3078411561342993416854575829121217736361145 786630287632185822377016075235184303748120
 0 -1023490369077469249582 -1535235553616203877868 -1108781233167258530568 -6318000 923984360972542434240 1180646683461369671040 927650965512669615360 541129728927154498560 250523010682236864000 95198616531776609280 30289305261952788480 8164169726126469120 1822183883966545920
 0 -23468700844119385764146 -27156639548195289243468 -11207502035763135365718 10006698246217079896125 20585207820789267741540 18788086503097282229040 11809654373291001006780 5693940499941768139065 2209289061413579595450 708693756427832955780 191153307405883332510 43817709982255532505 8403016116198233880
 0 -4440892098500626161694587677143161146 -3597122599785507190979143682445059100 -454358516813808750 2805755627832695586369755235003515625 3232230483263264480992815482695312500 2230239033451626971029925814843750000 1121491628249326166355012026367187500 441587328610040705230980743408203125 141307944926178992621772766113281250 37587909949115827385330200195312500 8435269476917199431419372558593750 1612770515719086563587188720703125 260164380428245067596435546875000
 0 -374038096000408644230117154116650821821728514 -165016807059003813630938844415729712938928940 140210358939022848182738434143277498205998650 257739630402615529723569802510775793929053125 202148729727541590798955965052428330735562500 106359298974294716002512604972151305572750000 42135136448398771856497373089564707000937500 13253290467805011513964782701691700625390625 3412413865042954403268881359686561503906250 733437356399217274887040234787755664062500 133352046971598920813597472339145605468750 20697386428903974408309867466027587890625 2729082230424164242199811767958984375000
 0 -91733330193268616658399616034 -4212 63507690133801349994276202458 61065086667116682686769133875 33820663384864624255201864260 13297012954733100035436561360 4018328090716042866072358620 973671806596455181475881335 194179562565697883265427050 32434388393561258888089020 4592979998547581589023790 556102988500243293326295 57511512305295543045720
 0 -338955444315678765248583968561042717659330754 259013122543113018727691523130800166145195604 381189123742694631335093182825509073454895354 224757738055834098664559430368043346112857125 85492754701992743944840234084132205615067780 23850404613628703498235174373803682486856880 5185802261004623698056417175433611006731420 910628656038330571196282052419404720626945 132166713503282432149024777826840834714250 16109376774664556187160674854108031690660 1667664179923505429859442555335378503310 147802309902162988221662901182381423265 11235214953232776438725214065116641240
 0 -26 8211601634130329073115733900354618532 5271645493515766812370594602694750962 1830432463026307920962012014494233625 433880287532161877561365769883673140 77000359670059592468448211471709040 10755605795182927201614880607427180 1219964546212878294825370714190565 114752691001797999763509553392450 9084588037581683195695053993780 611756767685130337232413592310 35308093361684326692312640005 1752997194082325539473337080
 0 887973348627031551644304961711168289184570286 653871283988995960756260926350951194763164660 171723771552665605855179637223482131949336650 27319690928833164567869487740099427225178125 3065482202923617426836264598368875718062500 261133669137937780804570687863670722750000 17635001032691902080308645843614838437500 971158273653487614559157549542391015625 44470547211068792742626542384160156250 1716991181090425790468325857226562500 56461301993505893253786157324218750 1592811387374604601055099853515625 38727900876890845880068359375000
subspace 0
vertices 1
 0 0 0 0 0 0 0 0 0 0 0 0 0 0 1
