amb_space 49
equations 12

 1  1  1  1  1  1  1
-1 -1 -1 -1 -1 -1 -1 
 0  0  0  0  0  0  0
 0  0  0  0  0  0  0 
 0  0  0  0  0  0  0 
 0  0  0  0  0  0  0 
 0  0  0  0  0  0  0 

 1  1  1  1  1  1  1
 0  0  0  0  0  0  0
-1 -1 -1 -1 -1 -1 -1 
 0  0  0  0  0  0  0
 0  0  0  0  0  0  0 
 0  0  0  0  0  0  0 
 0  0  0  0  0  0  0 

 1  1  1  1  1  1  1
 0  0  0  0  0  0  0
 0  0  0  0  0  0  0
-1 -1 -1 -1 -1 -1 -1 
 0  0  0  0  0  0  0
 0  0  0  0  0  0  0 
 0  0  0  0  0  0  0 

 1  1  1  1  1  1  1
 0  0  0  0  0  0  0
 0  0  0  0  0  0  0
 0  0  0  0  0  0  0 
-1 -1 -1 -1 -1 -1 -1 
 0  0  0  0  0  0  0
 0  0  0  0  0  0  0 

 1  1  1  1  1  1  1
 0  0  0  0  0  0  0
 0  0  0  0  0  0  0
 0  0  0  0  0  0  0
 0  0  0  0  0  0  0 
-1 -1 -1 -1 -1 -1 -1 
 0  0  0  0  0  0  0 

 1  1  1  1  1  1  1
 0  0  0  0  0  0  0
 0  0  0  0  0  0  0 
 0  0  0  0  0  0  0
 0  0  0  0  0  0  0 
 0  0  0  0  0  0  0 
-1 -1 -1 -1 -1 -1 -1

 1 -1  0  0  0  0  0
 1 -1  0  0  0  0  0
 1 -1  0  0  0  0  0
 1 -1  0  0  0  0  0
 1 -1  0  0  0  0  0
 1 -1  0  0  0  0  0
 1 -1  0  0  0  0  0

 1  0 -1  0  0  0  0
 1  0 -1  0  0  0  0
 1  0 -1  0  0  0  0
 1  0 -1  0  0  0  0
 1  0 -1  0  0  0  0
 1  0 -1  0  0  0  0
 1  0 -1  0  0  0  0

 1  0  0 -1  0  0  0
 1  0  0 -1  0  0  0
 1  0  0 -1  0  0  0
 1  0  0 -1  0  0  0
 1  0  0 -1  0  0  0
 1  0  0 -1  0  0  0
 1  0  0 -1  0  0  0

 1  0  0  0 -1  0  0
 1  0  0  0 -1  0  0
 1  0  0  0 -1  0  0
 1  0  0  0 -1  0  0
 1  0  0  0 -1  0  0
 1  0  0  0 -1  0  0
 1  0  0  0 -1  0  0

 1  0  0  0  0 -1  0
 1  0  0  0  0 -1  0
 1  0  0  0  0 -1  0
 1  0  0  0  0 -1  0
 1  0  0  0  0 -1  0
 1  0  0  0  0 -1  0
 1  0  0  0  0 -1  0

 1  0  0  0  0  0 -1
 1  0  0  0  0  0 -1
 1  0  0  0  0  0 -1
 1  0  0  0  0  0 -1
 1  0  0  0  0  0 -1
 1  0  0  0  0  0 -1
 1  0  0  0  0  0 -1

grading sparse
1:1 2:1 3:1 4:1 5:1 6:1 7:1;



 

 
