amb_space 25
equations 9
1 1 1 1 1 -1 -1 -1 -1 -1  0  0  0  0  0  0  0  0  0  0  0  0  0  0  0
1 1 1 1 1  0  0  0  0  0 -1 -1 -1 -1 -1  0  0  0  0  0  0  0  0  0  0
1 1 1 1 1  0  0  0  0  0  0  0  0  0  0 -1 -1 -1 -1 -1  0  0  0  0  0
1 1 1 1 1  0  0  0  0  0  0  0  0  0  0  0  0  0  0  0 -1 -1 -1 -1 -1
0 1 1 1 1 -1  0  0  0  0 -1  0  0  0  0 -1  0  0  0  0 -1  0  0  0  0
1 0 1 1 1  0 -1  0  0  0  0 -1  0  0  0  0 -1  0  0  0  0 -1  0  0  0
1 1 0 1 1  0  0 -1  0  0  0  0 -1  0  0  0  0 -1  0  0  0  0 -1  0  0
1 1 1 0 1  0  0  0 -1  0  0  0  0 -1  0  0  0  0 -1  0  0  0  0 -1  0
1 1 1 1 0  0  0  0  0 -1  0  0  0  0 -1  0  0  0  0 -1  0  0  0  0 -1
grading
1 1 1 1 1 0 0 0 0 0 0 0 0 0 0 0 0 0 0 0 0 0 0 0 0
/* codim_bound 6 */

