5
24
1 1 1 1 1 1         -1 -1 -1 -1 -1 -1     1  1 -1 -1  1 -1     1  1 -1 -1 1  -1
1 1 1 1 1 1          1  1 -1 -1  1 -1    -1 -1 -1 -1 -1 -1     1  1  1 -1 -1 -1
1 1 1 1 1 1          1  1  1 -1 -1 -1     1  1  1 -1 -1 -1    -1 -1 -1 -1 -1 -1
1 1 1 1 1 1         -1 -1 -1 -1 -1 -1     0  0  0  0  0  0     0  0  0  0  0  0
1 1 1 1 1 1          0  0  0  0  0  0    -1 -1 -1 -1 -1 -1     0  0  0  0  0  0
inequalities

1
24
1 1 1 1 1 1 1 1 1 1 1 1 1 1 1 1 1 1 1 1 1 1 1 1
signs

1
24
1 1 1 1 1 1 1 1 1 1 1 1 1 1 1 1 1 1 1 1 1 1 1 1
grading
