amb_space auto
inequalities
        [[0, 2, 0, -1, 0, 0, 0, 0, 0],
         [0, 0, 2, 0, -1, 0, 0, 0, 0],
         [0, -1, 0, 2, -1, 0, 0, 0, 0],
         [1, 0, -1, -1, 2, -1, 0, 0, 0],
         [0, 0, 0, 0, -1, 2, -1, 0, 0],
         [0, 0, 0, 0, 0, -1, 2, -1, 0],
         [1, 0, 0, 0, 0, 0, -1, 2, -1],
         [0, 0, 0, 0, 0, 0, 0, -1, 2],
         [0, -1, 0, 0, 0, 0, 0, 0, 0],
         [0, 0, -1, 0, 0, 0, 0, 0, 0],
         [0, 0, 0, -1, 0, 0, 0, 0, 0],
         [0, 0, 0, 0, -1, 0, 0, 0, 0],
         [0, 0, 0, 0, 0, -1, 0, 0, 0],
         [0, 0, 0, 0, 0, 0, -1, 0, 0],
         [0, 0, 0, 0, 0, 0, 0, -1, 0],
         [0, 0, 0, 0, 0, 0, 0, 0, -1],
         [-1, -1, -1, -1, -1, -1, -1, -1, -1],
         [3, 1, 0, 0, 0, 0, 0, 0, 0],
         [4, 0, 1, 0, 0, 0, 0, 0, 0],
         [6, 0, 0, 1, 0, 0, 0, 0, 0],
         [8, 0, 0, 0, 1, 0, 0, 0, 0],
         [6, 0, 0, 0, 0, 1, 0, 0, 0],
         [4, 0, 0, 0, 0, 0, 1, 0, 0],
         [2, 0, 0, 0, 0, 0, 0, 1, 0],
         [1, 0, 0, 0, 0, 0, 0, 0, 1]]
dehomogenization
unit_vector 1
HilbertBasis