133 10
   2   6   3   4   3   6   2   6   3   4
   2  -3   3  -2   3  -3   2  -3   3  -2
   4  -6  -3  14  -3  -6   7  -6  -3   8
   4   3  -3  -7  -3   3   7   3  -3  -4
  14  24  -6 -14 -33 -30  -7   6  39  28
  14   6 -33 -14  39  24  -7 -30  -6  28
  14 -30  39 -14  -6   6  -7  24 -33  28
  14  15  12   7   3  -3  -7 -12 -15 -14
  14  -3 -15   7  12 -12  -7  15   3 -14
  14 -12   3   7 -15  15  -7  -3  12 -14
   1  -1   1  -1   1  -1   1  -1   1  -1
   1  -1   1   0   0   0   0   1  -1   1
   1  -1   1   0   1  -1   1  -1   1   0
   1   0  -1   0   1   0   0   0   0   0
   1   0  -1   0   1   1   0  -1   0   1
   1   0   0  -1   0   0   0   0   0   1
   1   0   0  -1   0   0   1   0   0   0
   1   0   0   0  -1   0   0   0   1   0
   1   0   0   0   0  -1   0   0   1   0
   1   0   0   0   0   0   0   0   0  -1
   1   0   0   0   0   0   0   0   0   0
   1   0   0   0   0   0   0   0   0   2
   1   0   0   0   0   0   0   0   1   0
   1   0   0   0   1   0   0   0   0   0
   1   0   0   0   1   1   0   0   0   1
   1   0   0   1   0   0   0   0   0   0
   1   0   0   2   0   0   1   0   0   1
   1   0   1   0   0   0   0   0  -1   0
   1   0   1   0   0   0   0   0   0   0
   1   0   1   0   0   0   0   1   0   1
   1   0   1   0   1   0   1   0   1   0
   1   1   0   0  -1  -1   0   0   1   1
   1   1   0   0   0   0   0   0   1   1
   1   1   0   0   0   1   1   1   0   0
   1   1   1   1   1   1   1   1   1   1
   1   2   1   1   1   2   1   2   1   1
   1   2   1   2   1   2   1   2   1   2
   2  -4   4   0  -1   0   0   2  -4   4
   2  -3   3  -1   0   0  -1   3  -3   2
   2  -3   4  -2   0  -1   0   1  -1   2
   2  -3   4  -1  -1   1  -1   2  -3   2
   2  -2   1  -2   2   2  -1   0  -3   4
   2  -2   1   0  -1   2  -1   0   0   0
   2  -2   1   0   0   0  -1   2  -1   0
   2  -2   2  -2   0   1   0   2  -3   2
   2  -2   2   0  -1   1  -1   1  -1   0
   2  -2   3  -2  -1   0  -1   2  -2   4
   2  -2   3  -1   0   1  -1   1  -3   2
   2  -1  -2   2   1  -1   0   0   0   0
   2  -1  -1  -2   4   1   0  -3   0   2
   2  -1  -1   1   0   0  -1   1   1  -2
   2  -1  -1   2   0   0   0  -1   0   0
   2  -1   0   0  -2   2   0   0   1  -2
   2  -1   0   0   0  -1  -1   2   0   0
   2  -1   0   0   0   2  -1  -1   0   0
   2  -1   0   1  -1   1  -1   0   1  -2
   2  -1   0   2  -2   0   0  -1   1   0
   2  -1   2  -1  -1   0  -1   1  -1   2
   2  -1   2  -1  -1   1   0   1  -2   0
   2  -1   2  -1   1   1  -1   0  -3   2
   2   0  -4   0   4   2   0  -4  -1   4
   2   0  -3  -1   3   3  -1  -3   0   2
   2   0  -3   0   3   0  -1   0   0   0
   2   0  -2  -2   3   2  -1  -2  -1   4
   2   0  -2   0   0   0   2   0  -1   0
   2   0  -2   0   1  -1   0   2   0  -2
   2   0  -2   0   2   0  -1   0   0   0
   2   0  -1   0   0  -2  -1   2   1   0
   2   0  -1   0   1   2  -1  -2   0   0
   2   0  -1   0   2   0  -1   0  -1   0
   2   0  -1   1   1  -1  -1   1   0  -2
   2   0   0  -3   0   0   3   0   0  -2
   2   0   0  -2   0   0  -1   0   0   4
   2   0   0   0  -3   0  -1   0   3   0
   2   0   0   1   0   0  -1   0   0  -2
   2   0   1  -1  -3  -1  -1   1   2   2
   2   0   1   0  -2   0  -1   0   1   0
   2   0   1   0   1   0  -1   0  -2   0
   2   0   1   1  -1   1  -1  -1   0  -2
   2   0   1   2   0  -1   0  -1  -2   0
   2   0   2  -2  -3  -2  -1   2   1   4
   2   0   2   0   1  -1   0  -2   0  -2
   2   0   3   0   0   0  -1   0  -3   0
   2   0   4   0   0   2   0   4  -1   4
   2   1  -3  -2   2   2   0  -2   0   2
   2   1  -3  -1   4   2  -1  -3  -1   2
   2   1  -2  -1   0   0  -1  -1   2   2
   2   1  -2  -1   1   1  -1  -2   1   2
   2   1  -1  -1  -1  -2  -1   1   2   2
   2   1   0  -2  -1  -3   0  -1   4   2
   2   1   0   1   1  -1  -1   0  -1  -2
   2   1   1   1   0   0  -1  -1  -1  -2
   2   1   1   1   2   2   0   3   0   2
   2   2  -3  -2   1   0  -1  -2   2   4
   2   2  -1  -2  -2  -2  -1   0   3   4
   2   2  -1  -1  -3  -3  -1   1   4   2
   2   2  -1   0  -4  -4   0   0   4   4
   2   2  -1   0   4   4   0   0   0   4
   2   2   0  -2  -3  -2   0   1   2   2
   2   2   0   0  -1  -2  -1   0   1   0
   2   2   0   0   0  -1  -1  -1   0   0
   2   2   0   0   1   0  -1  -2  -1   0
   2   2   1   0   0   0   0  -1  -2  -2
   2   2   1   1   2   1   0   0   0   0
   2   3   0  -1  -3  -3  -1   0   3   2
   2   3   0   1   0   0   0   3   3   2
   2   4   0   0  -1   0   0   2   4   4
   4  -8  10  -4  -1   2  -2   6  -9   8
   4  -7   9  -4  -2   2  -1   6  -8   6
   4  -6   6  -1  -3   3  -2   3  -3   2
   4  -4   1   3  -4   3  -1  -1   2  -2
   4  -3   1   2  -4   4  -2  -1   3  -4
   4  -1  -4   2   3  -3  -2   4   1  -4
   4  -1  -4   3   2  -4  -1   3   1  -2
   4   2  -9  -4  10   6  -2  -8  -1   8
   4   2  -8  -4   9   6  -1  -7  -2   6
   4   3  -3  -1  -3  -6  -2   3   6   2
   4   3  -3  -1   6   3  -2  -6  -3   2
   4   3   2   3   1  -1  -1  -4  -4  -2
   4   4   3   2   1  -1  -2  -3  -4  -4
   4   6  -2  -4  -8  -7  -1   2   9   6
   4   6  -1  -4  -9  -8  -2   2  10   8
   5 -10  13  -5  -2   2  -2   8 -11   9
   5  -4   1   3  -5   5  -2  -1   4  -4
   5  -1  -5   3   4  -4  -2   5   1  -4
   5   2 -11  -5  13   8  -2 -10  -2   9
   5   5   4   3   1  -1  -2  -4  -5  -4
   5   8  -2  -5 -11 -10  -2   2  13   9
   6 -12  16  -6  -3   2  -3  10 -13  12
   6  -5   1   3  -6   6  -3  -1   5  -6
   6   2 -13  -6  16  10  -3 -12  -3  12
   6   3   3   7   0  -3   0  -6  -6  -2
   6  10  -3  -6 -13 -12  -3   2  16  12
integral_closure

1
10
1 0 0 0 0 0 0 0 0 0
grading
