54
10
   2   6   3   4   3   6   2   6   3   4
   2  -3   3  -2   3  -3   2  -3   3  -2
   4  -6  -3  14  -3  -6   7  -6  -3   8
   4   3  -3  -7  -3   3   7   3  -3  -4
  14  24  -6 -14 -33 -30  -7   6  39  28
  14   6 -33 -14  39  24  -7 -30  -6  28
  14 -30  39 -14  -6   6  -7  24 -33  28
  14  15  12   7   3  -3  -7 -12 -15 -14
  14  -3 -15   7  12 -12  -7  15   3 -14
  14 -12   3   7 -15  15  -7  -3  12 -14
    1 -1  0  1  0 -1  1 -1  0  1
  1 -1  1 -1  1 -1  1 -1  1 -1
  1 -1  1  0  0  0  0  0 -1  1
  1 -1  1  0  0  0  0  0  0  0
  1 -1  1  0  0  0  0  1 -1  1
  1 -1  1  0  1 -1  1 -1  1  0
  1  0 -1  0  1  0  0 -1  0  1
  1  0 -1  0  1  0  0  0  0  0
  1  0 -1  0  1  1  0 -1  0  1
  1  0  0 -1  0  0  0  0  0  1
  1  0  0 -1  0  0  1  0  0 -1
  1  0  0 -1  0  0  1  0  0  0
  1  0  0  0 -1 -1  0  0  1  1
  1  0  0  0 -1  0  0  0  1  0
  1  0  0  0  0 -1  0  0  1  0
  1  0  0  0  0  0  0  0  0 -1
  1  0  0  0  0  0  0  0  0  0
  1  0  0  0  0  0  0  0  0  1
  1  0  0  0  0  0  0  0  0  2
  1  0  0  0  0  0  0  0  1  0
  1  0  0  0  0  0  0  1  0  0
  1  0  0  0  0  0  1  0  0  0
  1  0  0  0  0  1  0  0  0  0
  1  0  0  0  1  0  0 -1  0  0
  1  0  0  0  1  0  0  0  0  0
  1  0  0  0  1  1  0  0  0  1
  1  0  0  1  0  0  0  0  0  0
  1  0  0  1  0  0  1  0  0  1
  1  0  0  2  0  0  1  0  0  1
  1  0  0  2  0  0  1  0  0  2
  1  0  1  0  0  0  0  0 -1  0
  1  0  1  0  0  0  0  0  0  0
  1  0  1  0  0  0  0  1  0  1
  1  0  1  0  0  1  0  1  0  1
  1  0  1  0  1  0  1  0  1  0
  1  1  0  0 -1 -1  0  0  1  1
  1  1  0  0  0  0  0  0  0  0
  1  1  0  0  0  0  0  0  1  1
  1  1  0  0  0  0  0  1  1  1
  1  1  0  0  0  1  1  1  0  0
  1  1  0  0  1  1  0  0  0  1
  1  1  1  1  1  1  1  1  1  1
  1  2  1  1  1  2  1  2  1  1
  1  2  1  2  1  2  1  2  1  2
integral_closure
1
10
1 0 0 0 0 0 0 0 0 0
grading
