amb_space 12
inequalities 72
2 -1 0 0 0 0 0 0 0 0 0 0
1 1 -1 0 0 0 0 0 0 0 0 0
1 0 1 -1 0 0 0 0 0 0 0 0
1 0 0 1 -1 0 0 0 0 0 0 0
1 0 0 0 1 -1 0 0 0 0 0 0
1 0 0 0 0 1 -1 0 0 0 0 0
1 0 0 0 0 0 1 -1 0 0 0 0
1 0 0 0 0 0 0 1 -1 0 0 0
1 0 0 0 0 0 0 0 1 -1 0 0
1 0 0 0 0 0 0 0 0 1 -1 0
1 0 0 0 0 0 0 0 0 0 1 -1
0 2 0 -1 0 0 0 0 0 0 0 0
0 1 1 0 -1 0 0 0 0 0 0 0
0 1 0 1 0 -1 0 0 0 0 0 0
0 1 0 0 1 0 -1 0 0 0 0 0
0 1 0 0 0 1 0 -1 0 0 0 0
0 1 0 0 0 0 1 0 -1 0 0 0
0 1 0 0 0 0 0 1 0 -1 0 0
0 1 0 0 0 0 0 0 1 0 -1 0
0 1 0 0 0 0 0 0 0 1 0 -1
-1 1 0 0 0 0 0 0 0 0 0 1
0 0 2 0 0 -1 0 0 0 0 0 0
0 0 1 1 0 0 -1 0 0 0 0 0
0 0 1 0 1 0 0 -1 0 0 0 0
0 0 1 0 0 1 0 0 -1 0 0 0
0 0 1 0 0 0 1 0 0 -1 0 0
0 0 1 0 0 0 0 1 0 0 -1 0
0 0 1 0 0 0 0 0 1 0 0 -1
-1 0 1 0 0 0 0 0 0 0 1 0
0 -1 1 0 0 0 0 0 0 0 0 1
0 0 0 2 0 0 0 -1 0 0 0 0
0 0 0 1 1 0 0 0 -1 0 0 0
0 0 0 1 0 1 0 0 0 -1 0 0
0 0 0 1 0 0 1 0 0 0 -1 0
0 0 0 1 0 0 0 1 0 0 0 -1
-1 0 0 1 0 0 0 0 0 1 0 0
0 -1 0 1 0 0 0 0 0 0 1 0
0 0 -1 1 0 0 0 0 0 0 0 1
0 0 0 0 2 0 0 0 0 -1 0 0
0 0 0 0 1 1 0 0 0 0 -1 0
0 0 0 0 1 0 1 0 0 0 0 -1
-1 0 0 0 1 0 0 0 1 0 0 0
0 -1 0 0 1 0 0 0 0 1 0 0
0 0 -1 0 1 0 0 0 0 0 1 0
0 0 0 -1 1 0 0 0 0 0 0 1
0 0 0 0 0 2 0 0 0 0 0 -1
-1 0 0 0 0 1 0 1 0 0 0 0
0 -1 0 0 0 1 0 0 1 0 0 0
0 0 -1 0 0 1 0 0 0 1 0 0
0 0 0 -1 0 1 0 0 0 0 1 0
0 0 0 0 -1 1 0 0 0 0 0 1
-1 0 0 0 0 0 2 0 0 0 0 0
0 -1 0 0 0 0 1 1 0 0 0 0
0 0 -1 0 0 0 1 0 1 0 0 0
0 0 0 -1 0 0 1 0 0 1 0 0
0 0 0 0 -1 0 1 0 0 0 1 0
0 0 0 0 0 -1 1 0 0 0 0 1
0 0 -1 0 0 0 0 2 0 0 0 0
0 0 0 -1 0 0 0 1 1 0 0 0
0 0 0 0 -1 0 0 1 0 1 0 0
0 0 0 0 0 -1 0 1 0 0 1 0
0 0 0 0 0 0 -1 1 0 0 0 1
0 0 0 0 -1 0 0 0 2 0 0 0
0 0 0 0 0 -1 0 0 1 1 0 0
0 0 0 0 0 0 -1 0 1 0 1 0
0 0 0 0 0 0 0 -1 1 0 0 1
0 0 0 0 0 0 -1 0 0 2 0 0
0 0 0 0 0 0 0 -1 0 1 1 0
0 0 0 0 0 0 0 0 -1 1 0 1
0 0 0 0 0 0 0 0 -1 0 2 0
0 0 0 0 0 0 0 0 0 -1 1 1
0 0 0 0 0 0 0 0 0 0 -1 2
FVector