/* permutahedron n=10 */
amb_space 11
equations 1
-55 1 1 1 1 1 1 1 1 1 1
inequalities 1022
54 -1 -1 -1 -1 -1 -1 -1 -1 -1 0
54 -1 -1 -1 -1 -1 -1 -1 -1 0 -1
54 -1 -1 -1 -1 -1 -1 -1 0 -1 -1
54 -1 -1 -1 -1 -1 -1 0 -1 -1 -1
54 -1 -1 -1 -1 -1 0 -1 -1 -1 -1
54 -1 -1 -1 -1 0 -1 -1 -1 -1 -1
54 -1 -1 -1 0 -1 -1 -1 -1 -1 -1
54 -1 -1 0 -1 -1 -1 -1 -1 -1 -1
54 -1 0 -1 -1 -1 -1 -1 -1 -1 -1
54 0 -1 -1 -1 -1 -1 -1 -1 -1 -1
52 -1 -1 -1 -1 -1 -1 -1 -1 0 0
52 -1 -1 -1 -1 -1 -1 -1 0 -1 0 
52 -1 -1 -1 -1 -1 -1 -1 0 0 -1
52 -1 -1 -1 -1 -1 -1 0 -1 -1 0 
52 -1 -1 -1 -1 -1 -1 0 -1 0 -1
52 -1 -1 -1 -1 -1 -1 0 0 -1 -1
52 -1 -1 -1 -1 -1 0 -1 -1 -1 0 
52 -1 -1 -1 -1 -1 0 -1 -1 0 -1
52 -1 -1 -1 -1 -1 0 -1 0 -1 -1 
52 -1 -1 -1 -1 -1 0 0 -1 -1 -1
52 -1 -1 -1 -1 0 -1 -1 -1 -1 0
52 -1 -1 -1 -1 0 -1 -1 -1 0 -1 
52 -1 -1 -1 -1 0 -1 -1 0 -1 -1
52 -1 -1 -1 -1 0 -1 0 -1 -1 -1
52 -1 -1 -1 -1 0 0 -1 -1 -1 -1
52 -1 -1 -1 0 -1 -1 -1 -1 -1 0
52 -1 -1 -1 0 -1 -1 -1 -1 0 -1 
52 -1 -1 -1 0 -1 -1 -1 0 -1 -1
52 -1 -1 -1 0 -1 -1 0 -1 -1 -1 
52 -1 -1 -1 0 -1 0 -1 -1 -1 -1
52 -1 -1 -1 0 0 -1 -1 -1 -1 -1
52 -1 -1 0 -1 -1 -1 -1 -1 -1 0 
52 -1 -1 0 -1 -1 -1 -1 -1 0 -1
52 -1 -1 0 -1 -1 -1 -1 0 -1 -1 
52 -1 -1 0 -1 -1 -1 0 -1 -1 -1 
52 -1 -1 0 -1 -1 0 -1 -1 -1 -1
52 -1 -1 0 -1 0 -1 -1 -1 -1 -1 
52 -1 -1 0 0 -1 -1 -1 -1 -1 -1
52 -1 0 -1 -1 -1 -1 -1 -1 -1 0 
52 -1 0 -1 -1 -1 -1 -1 -1 0 -1
52 -1 0 -1 -1 -1 -1 -1 0 -1 -1
52 -1 0 -1 -1 -1 -1 0 -1 -1 -1 
52 -1 0 -1 -1 -1 0 -1 -1 -1 -1
52 -1 0 -1 -1 0 -1 -1 -1 -1 -1 
52 -1 0 -1 0 -1 -1 -1 -1 -1 -1
52 -1 0 0 -1 -1 -1 -1 -1 -1 -1 
52 0 -1 -1 -1 -1 -1 -1 -1 -1 0 
52 0 -1 -1 -1 -1 -1 -1 -1 0 -1 
52 0 -1 -1 -1 -1 -1 -1 0 -1 -1 
52 0 -1 -1 -1 -1 -1 0 -1 -1 -1 
52 0 -1 -1 -1 -1 0 -1 -1 -1 -1
52 0 -1 -1 -1 0 -1 -1 -1 -1 -1 
52 0 -1 -1 0 -1 -1 -1 -1 -1 -1
52 0 -1 0 -1 -1 -1 -1 -1 -1 -1 
52 0 0 -1 -1 -1 -1 -1 -1 -1 -1
49 -1 -1 -1 -1 -1 -1 -1 0 0 0
49 -1 -1 -1 -1 -1 -1 0 -1 0 0
49 -1 -1 -1 -1 -1 -1 0 0 -1 0
49 -1 -1 -1 -1 -1 -1 0 0 0 -1
49 -1 -1 -1 -1 -1 0 -1 -1 0 0
49 -1 -1 -1 -1 -1 0 -1 0 -1 0
49 -1 -1 -1 -1 -1 0 -1 0 0 -1
49 -1 -1 -1 -1 -1 0 0 -1 -1 0
49 -1 -1 -1 -1 -1 0 0 -1 0 -1
49 -1 -1 -1 -1 -1 0 0 0 -1 -1 
49 -1 -1 -1 -1 0 -1 -1 -1 0 0
49 -1 -1 -1 -1 0 -1 -1 0 -1 0
49 -1 -1 -1 -1 0 -1 -1 0 0 -1
49 -1 -1 -1 -1 0 -1 0 -1 -1 0
49 -1 -1 -1 -1 0 -1 0 -1 0 -1
49 -1 -1 -1 -1 0 -1 0 0 -1 -1
49 -1 -1 -1 -1 0 0 -1 -1 -1 0
49 -1 -1 -1 -1 0 0 -1 -1 0 -1
49 -1 -1 -1 -1 0 0 -1 0 -1 -1
49 -1 -1 -1 -1 0 0 0 -1 -1 -1 
49 -1 -1 -1 0 -1 -1 -1 -1 0 0
49 -1 -1 -1 0 -1 -1 -1 0 -1 0
49 -1 -1 -1 0 -1 -1 -1 0 0 -1
49 -1 -1 -1 0 -1 -1 0 -1 -1 0
49 -1 -1 -1 0 -1 -1 0 -1 0 -1
49 -1 -1 -1 0 -1 -1 0 0 -1 -1
49 -1 -1 -1 0 -1 0 -1 -1 -1 0
49 -1 -1 -1 0 -1 0 -1 -1 0 -1
49 -1 -1 -1 0 -1 0 -1 0 -1 -1
49 -1 -1 -1 0 -1 0 0 -1 -1 -1
49 -1 -1 -1 0 0 -1 -1 -1 -1 0
49 -1 -1 -1 0 0 -1 -1 -1 0 -1
49 -1 -1 -1 0 0 -1 -1 0 -1 -1
49 -1 -1 -1 0 0 -1 0 -1 -1 -1
49 -1 -1 -1 0 0 0 -1 -1 -1 -1
49 -1 -1 0 -1 -1 -1 -1 -1 0 0
49 -1 -1 0 -1 -1 -1 -1 0 -1 0
49 -1 -1 0 -1 -1 -1 -1 0 0 -1
49 -1 -1 0 -1 -1 -1 0 -1 -1 0
49 -1 -1 0 -1 -1 -1 0 -1 0 -1
49 -1 -1 0 -1 -1 -1 0 0 -1 -1 
49 -1 -1 0 -1 -1 0 -1 -1 -1 0
49 -1 -1 0 -1 -1 0 -1 -1 0 -1
49 -1 -1 0 -1 -1 0 -1 0 -1 -1
49 -1 -1 0 -1 -1 0 0 -1 -1 -1
49 -1 -1 0 -1 0 -1 -1 -1 -1 0
49 -1 -1 0 -1 0 -1 -1 -1 0 -1
49 -1 -1 0 -1 0 -1 -1 0 -1 -1
49 -1 -1 0 -1 0 -1 0 -1 -1 -1
49 -1 -1 0 -1 0 0 -1 -1 -1 -1 
49 -1 -1 0 0 -1 -1 -1 -1 -1 0
49 -1 -1 0 0 -1 -1 -1 -1 0 -1
49 -1 -1 0 0 -1 -1 -1 0 -1 -1 
49 -1 -1 0 0 -1 -1 0 -1 -1 -1 
49 -1 -1 0 0 -1 0 -1 -1 -1 -1
49 -1 -1 0 0 0 -1 -1 -1 -1 -1
49 -1 0 -1 -1 -1 -1 -1 -1 0 0
49 -1 0 -1 -1 -1 -1 -1 0 -1 0
49 -1 0 -1 -1 -1 -1 -1 0 0 -1
49 -1 0 -1 -1 -1 -1 0 -1 -1 0
49 -1 0 -1 -1 -1 -1 0 -1 0 -1
49 -1 0 -1 -1 -1 -1 0 0 -1 -1
49 -1 0 -1 -1 -1 0 -1 -1 -1 0
49 -1 0 -1 -1 -1 0 -1 -1 0 -1
49 -1 0 -1 -1 -1 0 -1 0 -1 -1
49 -1 0 -1 -1 -1 0 0 -1 -1 -1
49 -1 0 -1 -1 0 -1 -1 -1 -1 0
49 -1 0 -1 -1 0 -1 -1 -1 0 -1
49 -1 0 -1 -1 0 -1 -1 0 -1 -1
49 -1 0 -1 -1 0 -1 0 -1 -1 -1
49 -1 0 -1 -1 0 0 -1 -1 -1 -1
49 -1 0 -1 0 -1 -1 -1 -1 -1 0
49 -1 0 -1 0 -1 -1 -1 -1 0 -1
49 -1 0 -1 0 -1 -1 -1 0 -1 -1
49 -1 0 -1 0 -1 -1 0 -1 -1 -1
49 -1 0 -1 0 -1 0 -1 -1 -1 -1
49 -1 0 -1 0 0 -1 -1 -1 -1 -1
49 -1 0 0 -1 -1 -1 -1 -1 -1 0
49 -1 0 0 -1 -1 -1 -1 -1 0 -1
49 -1 0 0 -1 -1 -1 -1 0 -1 -1 
49 -1 0 0 -1 -1 -1 0 -1 -1 -1
49 -1 0 0 -1 -1 0 -1 -1 -1 -1
49 -1 0 0 -1 0 -1 -1 -1 -1 -1
49 -1 0 0 0 -1 -1 -1 -1 -1 -1
49 0 -1 -1 -1 -1 -1 -1 -1 0 0
49 0 -1 -1 -1 -1 -1 -1 0 -1 0
49 0 -1 -1 -1 -1 -1 -1 0 0 -1 
49 0 -1 -1 -1 -1 -1 0 -1 -1 0
49 0 -1 -1 -1 -1 -1 0 -1 0 -1
49 0 -1 -1 -1 -1 -1 0 0 -1 -1 
49 0 -1 -1 -1 -1 0 -1 -1 -1 0
49 0 -1 -1 -1 -1 0 -1 -1 0 -1
49 0 -1 -1 -1 -1 0 -1 0 -1 -1 
49 0 -1 -1 -1 -1 0 0 -1 -1 -1
49 0 -1 -1 -1 0 -1 -1 -1 -1 0
49 0 -1 -1 -1 0 -1 -1 -1 0 -1
49 0 -1 -1 -1 0 -1 -1 0 -1 -1
49 0 -1 -1 -1 0 -1 0 -1 -1 -1
49 0 -1 -1 -1 0 0 -1 -1 -1 -1
49 0 -1 -1 0 -1 -1 -1 -1 -1 0
49 0 -1 -1 0 -1 -1 -1 -1 0 -1
49 0 -1 -1 0 -1 -1 -1 0 -1 -1
49 0 -1 -1 0 -1 -1 0 -1 -1 -1
49 0 -1 -1 0 -1 0 -1 -1 -1 -1
49 0 -1 -1 0 0 -1 -1 -1 -1 -1
49 0 -1 0 -1 -1 -1 -1 -1 -1 0
49 0 -1 0 -1 -1 -1 -1 -1 0 -1
49 0 -1 0 -1 -1 -1 -1 0 -1 -1
49 0 -1 0 -1 -1 -1 0 -1 -1 -1
49 0 -1 0 -1 -1 0 -1 -1 -1 -1
49 0 -1 0 -1 0 -1 -1 -1 -1 -1
49 0 -1 0 0 -1 -1 -1 -1 -1 -1
49 0 0 -1 -1 -1 -1 -1 -1 -1 0
49 0 0 -1 -1 -1 -1 -1 -1 0 -1
49 0 0 -1 -1 -1 -1 -1 0 -1 -1 
49 0 0 -1 -1 -1 -1 0 -1 -1 -1 
49 0 0 -1 -1 -1 0 -1 -1 -1 -1
49 0 0 -1 -1 0 -1 -1 -1 -1 -1
49 0 0 -1 0 -1 -1 -1 -1 -1 -1 
49 0 0 0 -1 -1 -1 -1 -1 -1 -1
45 -1 -1 -1 -1 -1 -1 0 0 0 0
45 -1 -1 -1 -1 -1 0 -1 0 0 0
45 -1 -1 -1 -1 -1 0 0 -1 0 0
45 -1 -1 -1 -1 -1 0 0 0 -1 0
45 -1 -1 -1 -1 -1 0 0 0 0 -1
45 -1 -1 -1 -1 0 -1 -1 0 0 0
45 -1 -1 -1 -1 0 -1 0 -1 0 0
45 -1 -1 -1 -1 0 -1 0 0 -1 0
45 -1 -1 -1 -1 0 -1 0 0 0 -1
45 -1 -1 -1 -1 0 0 -1 -1 0 0
45 -1 -1 -1 -1 0 0 -1 0 -1 0
45 -1 -1 -1 -1 0 0 -1 0 0 -1
45 -1 -1 -1 -1 0 0 0 -1 -1 0
45 -1 -1 -1 -1 0 0 0 -1 0 -1
45 -1 -1 -1 -1 0 0 0 0 -1 -1
45 -1 -1 -1 0 -1 -1 -1 0 0 0
45 -1 -1 -1 0 -1 -1 0 -1 0 0
45 -1 -1 -1 0 -1 -1 0 0 -1 0
45 -1 -1 -1 0 -1 -1 0 0 0 -1
45 -1 -1 -1 0 -1 0 -1 -1 0 0
45 -1 -1 -1 0 -1 0 -1 0 -1 0
45 -1 -1 -1 0 -1 0 -1 0 0 -1
45 -1 -1 -1 0 -1 0 0 -1 -1 0
45 -1 -1 -1 0 -1 0 0 -1 0 -1
45 -1 -1 -1 0 -1 0 0 0 -1 -1 
45 -1 -1 -1 0 0 -1 -1 -1 0 0
45 -1 -1 -1 0 0 -1 -1 0 -1 0
45 -1 -1 -1 0 0 -1 -1 0 0 -1
45 -1 -1 -1 0 0 -1 0 -1 -1 0
45 -1 -1 -1 0 0 -1 0 -1 0 -1
45 -1 -1 -1 0 0 -1 0 0 -1 -1
45 -1 -1 -1 0 0 0 -1 -1 -1 0
45 -1 -1 -1 0 0 0 -1 -1 0 -1
45 -1 -1 -1 0 0 0 -1 0 -1 -1
45 -1 -1 -1 0 0 0 0 -1 -1 -1
45 -1 -1 0 -1 -1 -1 -1 0 0 0
45 -1 -1 0 -1 -1 -1 0 -1 0 0
45 -1 -1 0 -1 -1 -1 0 0 -1 0
45 -1 -1 0 -1 -1 -1 0 0 0 -1
45 -1 -1 0 -1 -1 0 -1 -1 0 0
45 -1 -1 0 -1 -1 0 -1 0 -1 0
45 -1 -1 0 -1 -1 0 -1 0 0 -1 
45 -1 -1 0 -1 -1 0 0 -1 -1 0
45 -1 -1 0 -1 -1 0 0 -1 0 -1
45 -1 -1 0 -1 -1 0 0 0 -1 -1
45 -1 -1 0 -1 0 -1 -1 -1 0 0
45 -1 -1 0 -1 0 -1 -1 0 -1 0
45 -1 -1 0 -1 0 -1 -1 0 0 -1
45 -1 -1 0 -1 0 -1 0 -1 -1 0
45 -1 -1 0 -1 0 -1 0 -1 0 -1
45 -1 -1 0 -1 0 -1 0 0 -1 -1 
45 -1 -1 0 -1 0 0 -1 -1 -1 0
45 -1 -1 0 -1 0 0 -1 -1 0 -1
45 -1 -1 0 -1 0 0 -1 0 -1 -1
45 -1 -1 0 -1 0 0 0 -1 -1 -1
45 -1 -1 0 0 -1 -1 -1 -1 0 0
45 -1 -1 0 0 -1 -1 -1 0 -1 0
45 -1 -1 0 0 -1 -1 -1 0 0 -1
45 -1 -1 0 0 -1 -1 0 -1 -1 0
45 -1 -1 0 0 -1 -1 0 -1 0 -1
45 -1 -1 0 0 -1 -1 0 0 -1 -1
45 -1 -1 0 0 -1 0 -1 -1 -1 0
45 -1 -1 0 0 -1 0 -1 -1 0 -1
45 -1 -1 0 0 -1 0 -1 0 -1 -1 
45 -1 -1 0 0 -1 0 0 -1 -1 -1
45 -1 -1 0 0 0 -1 -1 -1 -1 0
45 -1 -1 0 0 0 -1 -1 -1 0 -1
45 -1 -1 0 0 0 -1 -1 0 -1 -1 
45 -1 -1 0 0 0 -1 0 -1 -1 -1
45 -1 -1 0 0 0 0 -1 -1 -1 -1
45 -1 0 -1 -1 -1 -1 -1 0 0 0
45 -1 0 -1 -1 -1 -1 0 -1 0 0
45 -1 0 -1 -1 -1 -1 0 0 -1 0
45 -1 0 -1 -1 -1 -1 0 0 0 -1
45 -1 0 -1 -1 -1 0 -1 -1 0 0
45 -1 0 -1 -1 -1 0 -1 0 -1 0
45 -1 0 -1 -1 -1 0 -1 0 0 -1
45 -1 0 -1 -1 -1 0 0 -1 -1 0
45 -1 0 -1 -1 -1 0 0 -1 0 -1
45 -1 0 -1 -1 -1 0 0 0 -1 -1
45 -1 0 -1 -1 0 -1 -1 -1 0 0
45 -1 0 -1 -1 0 -1 -1 0 -1 0
45 -1 0 -1 -1 0 -1 -1 0 0 -1
45 -1 0 -1 -1 0 -1 0 -1 -1 0
45 -1 0 -1 -1 0 -1 0 -1 0 -1
45 -1 0 -1 -1 0 -1 0 0 -1 -1
45 -1 0 -1 -1 0 0 -1 -1 -1 0
45 -1 0 -1 -1 0 0 -1 -1 0 -1
45 -1 0 -1 -1 0 0 -1 0 -1 -1 
45 -1 0 -1 -1 0 0 0 -1 -1 -1
45 -1 0 -1 0 -1 -1 -1 -1 0 0
45 -1 0 -1 0 -1 -1 -1 0 -1 0
45 -1 0 -1 0 -1 -1 -1 0 0 -1
45 -1 0 -1 0 -1 -1 0 -1 -1 0
45 -1 0 -1 0 -1 -1 0 -1 0 -1
45 -1 0 -1 0 -1 -1 0 0 -1 -1
45 -1 0 -1 0 -1 0 -1 -1 -1 0
45 -1 0 -1 0 -1 0 -1 -1 0 -1
45 -1 0 -1 0 -1 0 -1 0 -1 -1 
45 -1 0 -1 0 -1 0 0 -1 -1 -1
45 -1 0 -1 0 0 -1 -1 -1 -1 0
45 -1 0 -1 0 0 -1 -1 -1 0 -1
45 -1 0 -1 0 0 -1 -1 0 -1 -1
45 -1 0 -1 0 0 -1 0 -1 -1 -1 
45 -1 0 -1 0 0 0 -1 -1 -1 -1
45 -1 0 0 -1 -1 -1 -1 -1 0 0
45 -1 0 0 -1 -1 -1 -1 0 -1 0
45 -1 0 0 -1 -1 -1 -1 0 0 -1
45 -1 0 0 -1 -1 -1 0 -1 -1 0
45 -1 0 0 -1 -1 -1 0 -1 0 -1
45 -1 0 0 -1 -1 -1 0 0 -1 -1
45 -1 0 0 -1 -1 0 -1 -1 -1 0
45 -1 0 0 -1 -1 0 -1 -1 0 -1
45 -1 0 0 -1 -1 0 -1 0 -1 -1 
45 -1 0 0 -1 -1 0 0 -1 -1 -1
45 -1 0 0 -1 0 -1 -1 -1 -1 0
45 -1 0 0 -1 0 -1 -1 -1 0 -1
45 -1 0 0 -1 0 -1 -1 0 -1 -1 
45 -1 0 0 -1 0 -1 0 -1 -1 -1
45 -1 0 0 -1 0 0 -1 -1 -1 -1
45 -1 0 0 0 -1 -1 -1 -1 -1 0
45 -1 0 0 0 -1 -1 -1 -1 0 -1
45 -1 0 0 0 -1 -1 -1 0 -1 -1
45 -1 0 0 0 -1 -1 0 -1 -1 -1
45 -1 0 0 0 -1 0 -1 -1 -1 -1
45 -1 0 0 0 0 -1 -1 -1 -1 -1
45 0 -1 -1 -1 -1 -1 -1 0 0 0
45 0 -1 -1 -1 -1 -1 0 -1 0 0
45 0 -1 -1 -1 -1 -1 0 0 -1 0
45 0 -1 -1 -1 -1 -1 0 0 0 -1
45 0 -1 -1 -1 -1 0 -1 -1 0 0
45 0 -1 -1 -1 -1 0 -1 0 -1 0
45 0 -1 -1 -1 -1 0 -1 0 0 -1
45 0 -1 -1 -1 -1 0 0 -1 -1 0
45 0 -1 -1 -1 -1 0 0 -1 0 -1
45 0 -1 -1 -1 -1 0 0 0 -1 -1
45 0 -1 -1 -1 0 -1 -1 -1 0 0
45 0 -1 -1 -1 0 -1 -1 0 -1 0
45 0 -1 -1 -1 0 -1 -1 0 0 -1
45 0 -1 -1 -1 0 -1 0 -1 -1 0
45 0 -1 -1 -1 0 -1 0 -1 0 -1
45 0 -1 -1 -1 0 -1 0 0 -1 -1
45 0 -1 -1 -1 0 0 -1 -1 -1 0
45 0 -1 -1 -1 0 0 -1 -1 0 -1
45 0 -1 -1 -1 0 0 -1 0 -1 -1
45 0 -1 -1 -1 0 0 0 -1 -1 -1
45 0 -1 -1 0 -1 -1 -1 -1 0 0
45 0 -1 -1 0 -1 -1 -1 0 -1 0
45 0 -1 -1 0 -1 -1 -1 0 0 -1
45 0 -1 -1 0 -1 -1 0 -1 -1 0
45 0 -1 -1 0 -1 -1 0 -1 0 -1
45 0 -1 -1 0 -1 -1 0 0 -1 -1
45 0 -1 -1 0 -1 0 -1 -1 -1 0
45 0 -1 -1 0 -1 0 -1 -1 0 -1
45 0 -1 -1 0 -1 0 -1 0 -1 -1
45 0 -1 -1 0 -1 0 0 -1 -1 -1
45 0 -1 -1 0 0 -1 -1 -1 -1 0
45 0 -1 -1 0 0 -1 -1 -1 0 -1
45 0 -1 -1 0 0 -1 -1 0 -1 -1 
45 0 -1 -1 0 0 -1 0 -1 -1 -1 
45 0 -1 -1 0 0 0 -1 -1 -1 -1
45 0 -1 0 -1 -1 -1 -1 -1 0 0
45 0 -1 0 -1 -1 -1 -1 0 -1 0
45 0 -1 0 -1 -1 -1 -1 0 0 -1
45 0 -1 0 -1 -1 -1 0 -1 -1 0
45 0 -1 0 -1 -1 -1 0 -1 0 -1
45 0 -1 0 -1 -1 -1 0 0 -1 -1 
45 0 -1 0 -1 -1 0 -1 -1 -1 0
45 0 -1 0 -1 -1 0 -1 -1 0 -1
45 0 -1 0 -1 -1 0 -1 0 -1 -1 
45 0 -1 0 -1 -1 0 0 -1 -1 -1 
45 0 -1 0 -1 0 -1 -1 -1 -1 0
45 0 -1 0 -1 0 -1 -1 -1 0 -1 
45 0 -1 0 -1 0 -1 -1 0 -1 -1
45 0 -1 0 -1 0 -1 0 -1 -1 -1
45 0 -1 0 -1 0 0 -1 -1 -1 -1 
45 0 -1 0 0 -1 -1 -1 -1 -1 0
45 0 -1 0 0 -1 -1 -1 -1 0 -1
45 0 -1 0 0 -1 -1 -1 0 -1 -1
45 0 -1 0 0 -1 -1 0 -1 -1 -1
45 0 -1 0 0 -1 0 -1 -1 -1 -1
45 0 -1 0 0 0 -1 -1 -1 -1 -1
45 0 0 -1 -1 -1 -1 -1 -1 0 0
45 0 0 -1 -1 -1 -1 -1 0 -1 0
45 0 0 -1 -1 -1 -1 -1 0 0 -1
45 0 0 -1 -1 -1 -1 0 -1 -1 0
45 0 0 -1 -1 -1 -1 0 -1 0 -1
45 0 0 -1 -1 -1 -1 0 0 -1 -1 
45 0 0 -1 -1 -1 0 -1 -1 -1 0
45 0 0 -1 -1 -1 0 -1 -1 0 -1
45 0 0 -1 -1 -1 0 -1 0 -1 -1
45 0 0 -1 -1 -1 0 0 -1 -1 -1 
45 0 0 -1 -1 0 -1 -1 -1 -1 0
45 0 0 -1 -1 0 -1 -1 -1 0 -1
45 0 0 -1 -1 0 -1 -1 0 -1 -1
45 0 0 -1 -1 0 -1 0 -1 -1 -1
45 0 0 -1 -1 0 0 -1 -1 -1 -1
45 0 0 -1 0 -1 -1 -1 -1 -1 0
45 0 0 -1 0 -1 -1 -1 -1 0 -1
45 0 0 -1 0 -1 -1 -1 0 -1 -1
45 0 0 -1 0 -1 -1 0 -1 -1 -1
45 0 0 -1 0 -1 0 -1 -1 -1 -1
45 0 0 -1 0 0 -1 -1 -1 -1 -1 
45 0 0 0 -1 -1 -1 -1 -1 -1 0
45 0 0 0 -1 -1 -1 -1 -1 0 -1
45 0 0 0 -1 -1 -1 -1 0 -1 -1
45 0 0 0 -1 -1 -1 0 -1 -1 -1
45 0 0 0 -1 -1 0 -1 -1 -1 -1 
45 0 0 0 -1 0 -1 -1 -1 -1 -1
45 0 0 0 0 -1 -1 -1 -1 -1 -1
40 -1 -1 -1 -1 -1 0 0 0 0 0
40 -1 -1 -1 -1 0 -1 0 0 0 0
40 -1 -1 -1 -1 0 0 -1 0 0 0
40 -1 -1 -1 -1 0 0 0 -1 0 0
40 -1 -1 -1 -1 0 0 0 0 -1 0
40 -1 -1 -1 -1 0 0 0 0 0 -1
40 -1 -1 -1 0 -1 -1 0 0 0 0
40 -1 -1 -1 0 -1 0 -1 0 0 0
40 -1 -1 -1 0 -1 0 0 -1 0 0
40 -1 -1 -1 0 -1 0 0 0 -1 0
40 -1 -1 -1 0 -1 0 0 0 0 -1
40 -1 -1 -1 0 0 -1 -1 0 0 0
40 -1 -1 -1 0 0 -1 0 -1 0 0
40 -1 -1 -1 0 0 -1 0 0 -1 0
40 -1 -1 -1 0 0 -1 0 0 0 -1
40 -1 -1 -1 0 0 0 -1 -1 0 0
40 -1 -1 -1 0 0 0 -1 0 -1 0
40 -1 -1 -1 0 0 0 -1 0 0 -1
40 -1 -1 -1 0 0 0 0 -1 -1 0
40 -1 -1 -1 0 0 0 0 -1 0 -1
40 -1 -1 -1 0 0 0 0 0 -1 -1 
40 -1 -1 0 -1 -1 -1 0 0 0 0
40 -1 -1 0 -1 -1 0 -1 0 0 0
40 -1 -1 0 -1 -1 0 0 -1 0 0 
40 -1 -1 0 -1 -1 0 0 0 -1 0
40 -1 -1 0 -1 -1 0 0 0 0 -1
40 -1 -1 0 -1 0 -1 -1 0 0 0
40 -1 -1 0 -1 0 -1 0 -1 0 0
40 -1 -1 0 -1 0 -1 0 0 -1 0
40 -1 -1 0 -1 0 -1 0 0 0 -1
40 -1 -1 0 -1 0 0 -1 -1 0 0
40 -1 -1 0 -1 0 0 -1 0 -1 0
40 -1 -1 0 -1 0 0 -1 0 0 -1
40 -1 -1 0 -1 0 0 0 -1 -1 0
40 -1 -1 0 -1 0 0 0 -1 0 -1
40 -1 -1 0 -1 0 0 0 0 -1 -1
40 -1 -1 0 0 -1 -1 -1 0 0 0
40 -1 -1 0 0 -1 -1 0 -1 0 0
40 -1 -1 0 0 -1 -1 0 0 -1 0
40 -1 -1 0 0 -1 -1 0 0 0 -1
40 -1 -1 0 0 -1 0 -1 -1 0 0
40 -1 -1 0 0 -1 0 -1 0 -1 0
40 -1 -1 0 0 -1 0 -1 0 0 -1
40 -1 -1 0 0 -1 0 0 -1 -1 0
40 -1 -1 0 0 -1 0 0 -1 0 -1
40 -1 -1 0 0 -1 0 0 0 -1 -1 
40 -1 -1 0 0 0 -1 -1 -1 0 0
40 -1 -1 0 0 0 -1 -1 0 -1 0
40 -1 -1 0 0 0 -1 -1 0 0 -1
40 -1 -1 0 0 0 -1 0 -1 -1 0
40 -1 -1 0 0 0 -1 0 -1 0 -1
40 -1 -1 0 0 0 -1 0 0 -1 -1 
40 -1 -1 0 0 0 0 -1 -1 -1 0
40 -1 -1 0 0 0 0 -1 -1 0 -1
40 -1 -1 0 0 0 0 -1 0 -1 -1
40 -1 -1 0 0 0 0 0 -1 -1 -1
40 -1 0 -1 -1 -1 -1 0 0 0 0
40 -1 0 -1 -1 -1 0 -1 0 0 0
40 -1 0 -1 -1 -1 0 0 -1 0 0
40 -1 0 -1 -1 -1 0 0 0 -1 0
40 -1 0 -1 -1 -1 0 0 0 0 -1
40 -1 0 -1 -1 0 -1 -1 0 0 0
40 -1 0 -1 -1 0 -1 0 -1 0 0
40 -1 0 -1 -1 0 -1 0 0 -1 0
40 -1 0 -1 -1 0 -1 0 0 0 -1
40 -1 0 -1 -1 0 0 -1 -1 0 0
40 -1 0 -1 -1 0 0 -1 0 -1 0
40 -1 0 -1 -1 0 0 -1 0 0 -1
40 -1 0 -1 -1 0 0 0 -1 -1 0
40 -1 0 -1 -1 0 0 0 -1 0 -1
40 -1 0 -1 -1 0 0 0 0 -1 -1
40 -1 0 -1 0 -1 -1 -1 0 0 0
40 -1 0 -1 0 -1 -1 0 -1 0 0
40 -1 0 -1 0 -1 -1 0 0 -1 0
40 -1 0 -1 0 -1 -1 0 0 0 -1
40 -1 0 -1 0 -1 0 -1 -1 0 0
40 -1 0 -1 0 -1 0 -1 0 -1 0
40 -1 0 -1 0 -1 0 -1 0 0 -1 
40 -1 0 -1 0 -1 0 0 -1 -1 0
40 -1 0 -1 0 -1 0 0 -1 0 -1
40 -1 0 -1 0 -1 0 0 0 -1 -1
40 -1 0 -1 0 0 -1 -1 -1 0 0
40 -1 0 -1 0 0 -1 -1 0 -1 0
40 -1 0 -1 0 0 -1 -1 0 0 -1
40 -1 0 -1 0 0 -1 0 -1 -1 0
40 -1 0 -1 0 0 -1 0 -1 0 -1
40 -1 0 -1 0 0 -1 0 0 -1 -1 
40 -1 0 -1 0 0 0 -1 -1 -1 0
40 -1 0 -1 0 0 0 -1 -1 0 -1
40 -1 0 -1 0 0 0 -1 0 -1 -1
40 -1 0 -1 0 0 0 0 -1 -1 -1
40 -1 0 0 -1 -1 -1 -1 0 0 0
40 -1 0 0 -1 -1 -1 0 -1 0 0
40 -1 0 0 -1 -1 -1 0 0 -1 0
40 -1 0 0 -1 -1 -1 0 0 0 -1
40 -1 0 0 -1 -1 0 -1 -1 0 0
40 -1 0 0 -1 -1 0 -1 0 -1 0
40 -1 0 0 -1 -1 0 -1 0 0 -1
40 -1 0 0 -1 -1 0 0 -1 -1 0
40 -1 0 0 -1 -1 0 0 -1 0 -1
40 -1 0 0 -1 -1 0 0 0 -1 -1
40 -1 0 0 -1 0 -1 -1 -1 0 0
40 -1 0 0 -1 0 -1 -1 0 -1 0
40 -1 0 0 -1 0 -1 -1 0 0 -1
40 -1 0 0 -1 0 -1 0 -1 -1 0
40 -1 0 0 -1 0 -1 0 -1 0 -1
40 -1 0 0 -1 0 -1 0 0 -1 -1 
40 -1 0 0 -1 0 0 -1 -1 -1 0
40 -1 0 0 -1 0 0 -1 -1 0 -1
40 -1 0 0 -1 0 0 -1 0 -1 -1
40 -1 0 0 -1 0 0 0 -1 -1 -1
40 -1 0 0 0 -1 -1 -1 -1 0 0
40 -1 0 0 0 -1 -1 -1 0 -1 0
40 -1 0 0 0 -1 -1 -1 0 0 -1
40 -1 0 0 0 -1 -1 0 -1 -1 0
40 -1 0 0 0 -1 -1 0 -1 0 -1
40 -1 0 0 0 -1 -1 0 0 -1 -1 
40 -1 0 0 0 -1 0 -1 -1 -1 0
40 -1 0 0 0 -1 0 -1 -1 0 -1
40 -1 0 0 0 -1 0 -1 0 -1 -1
40 -1 0 0 0 -1 0 0 -1 -1 -1 
40 -1 0 0 0 0 -1 -1 -1 -1 0
40 -1 0 0 0 0 -1 -1 -1 0 -1
40 -1 0 0 0 0 -1 -1 0 -1 -1
40 -1 0 0 0 0 -1 0 -1 -1 -1 
40 -1 0 0 0 0 0 -1 -1 -1 -1
40 0 -1 -1 -1 -1 -1 0 0 0 0
40 0 -1 -1 -1 -1 0 -1 0 0 0
40 0 -1 -1 -1 -1 0 0 -1 0 0
40 0 -1 -1 -1 -1 0 0 0 -1 0
40 0 -1 -1 -1 -1 0 0 0 0 -1
40 0 -1 -1 -1 0 -1 -1 0 0 0
40 0 -1 -1 -1 0 -1 0 -1 0 0
40 0 -1 -1 -1 0 -1 0 0 -1 0
40 0 -1 -1 -1 0 -1 0 0 0 -1
40 0 -1 -1 -1 0 0 -1 -1 0 0
40 0 -1 -1 -1 0 0 -1 0 -1 0
40 0 -1 -1 -1 0 0 -1 0 0 -1
40 0 -1 -1 -1 0 0 0 -1 -1 0
40 0 -1 -1 -1 0 0 0 -1 0 -1
40 0 -1 -1 -1 0 0 0 0 -1 -1
40 0 -1 -1 0 -1 -1 -1 0 0 0
40 0 -1 -1 0 -1 -1 0 -1 0 0
40 0 -1 -1 0 -1 -1 0 0 -1 0
40 0 -1 -1 0 -1 -1 0 0 0 -1
40 0 -1 -1 0 -1 0 -1 -1 0 0
40 0 -1 -1 0 -1 0 -1 0 -1 0
40 0 -1 -1 0 -1 0 -1 0 0 -1
40 0 -1 -1 0 -1 0 0 -1 -1 0
40 0 -1 -1 0 -1 0 0 -1 0 -1
40 0 -1 -1 0 -1 0 0 0 -1 -1
40 0 -1 -1 0 0 -1 -1 -1 0 0
40 0 -1 -1 0 0 -1 -1 0 -1 0
40 0 -1 -1 0 0 -1 -1 0 0 -1
40 0 -1 -1 0 0 -1 0 -1 -1 0
40 0 -1 -1 0 0 -1 0 -1 0 -1
40 0 -1 -1 0 0 -1 0 0 -1 -1
40 0 -1 -1 0 0 0 -1 -1 -1 0
40 0 -1 -1 0 0 0 -1 -1 0 -1
40 0 -1 -1 0 0 0 -1 0 -1 -1
40 0 -1 -1 0 0 0 0 -1 -1 -1
40 0 -1 0 -1 -1 -1 -1 0 0 0
40 0 -1 0 -1 -1 -1 0 -1 0 0
40 0 -1 0 -1 -1 -1 0 0 -1 0
40 0 -1 0 -1 -1 -1 0 0 0 -1
40 0 -1 0 -1 -1 0 -1 -1 0 0
40 0 -1 0 -1 -1 0 -1 0 -1 0
40 0 -1 0 -1 -1 0 -1 0 0 -1
40 0 -1 0 -1 -1 0 0 -1 -1 0
40 0 -1 0 -1 -1 0 0 -1 0 -1
40 0 -1 0 -1 -1 0 0 0 -1 -1 
40 0 -1 0 -1 0 -1 -1 -1 0 0
40 0 -1 0 -1 0 -1 -1 0 -1 0
40 0 -1 0 -1 0 -1 -1 0 0 -1
40 0 -1 0 -1 0 -1 0 -1 -1 0
40 0 -1 0 -1 0 -1 0 -1 0 -1 
40 0 -1 0 -1 0 -1 0 0 -1 -1
40 0 -1 0 -1 0 0 -1 -1 -1 0
40 0 -1 0 -1 0 0 -1 -1 0 -1 
40 0 -1 0 -1 0 0 -1 0 -1 -1
40 0 -1 0 -1 0 0 0 -1 -1 -1
40 0 -1 0 0 -1 -1 -1 -1 0 0
40 0 -1 0 0 -1 -1 -1 0 -1 0
40 0 -1 0 0 -1 -1 -1 0 0 -1 
40 0 -1 0 0 -1 -1 0 -1 -1 0
40 0 -1 0 0 -1 -1 0 -1 0 -1
40 0 -1 0 0 -1 -1 0 0 -1 -1
40 0 -1 0 0 -1 0 -1 -1 -1 0
40 0 -1 0 0 -1 0 -1 -1 0 -1
40 0 -1 0 0 -1 0 -1 0 -1 -1
40 0 -1 0 0 -1 0 0 -1 -1 -1
40 0 -1 0 0 0 -1 -1 -1 -1 0
40 0 -1 0 0 0 -1 -1 -1 0 -1
40 0 -1 0 0 0 -1 -1 0 -1 -1
40 0 -1 0 0 0 -1 0 -1 -1 -1
40 0 -1 0 0 0 0 -1 -1 -1 -1
40 0 0 -1 -1 -1 -1 -1 0 0 0
40 0 0 -1 -1 -1 -1 0 -1 0 0
40 0 0 -1 -1 -1 -1 0 0 -1 0
40 0 0 -1 -1 -1 -1 0 0 0 -1
40 0 0 -1 -1 -1 0 -1 -1 0 0
40 0 0 -1 -1 -1 0 -1 0 -1 0
40 0 0 -1 -1 -1 0 -1 0 0 -1
40 0 0 -1 -1 -1 0 0 -1 -1 0
40 0 0 -1 -1 -1 0 0 -1 0 -1
40 0 0 -1 -1 -1 0 0 0 -1 -1 
40 0 0 -1 -1 0 -1 -1 -1 0 0
40 0 0 -1 -1 0 -1 -1 0 -1 0
40 0 0 -1 -1 0 -1 -1 0 0 -1
40 0 0 -1 -1 0 -1 0 -1 -1 0
40 0 0 -1 -1 0 -1 0 -1 0 -1
40 0 0 -1 -1 0 -1 0 0 -1 -1
40 0 0 -1 -1 0 0 -1 -1 -1 0
40 0 0 -1 -1 0 0 -1 -1 0 -1
40 0 0 -1 -1 0 0 -1 0 -1 -1 
40 0 0 -1 -1 0 0 0 -1 -1 -1 
40 0 0 -1 0 -1 -1 -1 -1 0 0
40 0 0 -1 0 -1 -1 -1 0 -1 0
40 0 0 -1 0 -1 -1 -1 0 0 -1
40 0 0 -1 0 -1 -1 0 -1 -1 0
40 0 0 -1 0 -1 -1 0 -1 0 -1
40 0 0 -1 0 -1 -1 0 0 -1 -1
40 0 0 -1 0 -1 0 -1 -1 -1 0
40 0 0 -1 0 -1 0 -1 -1 0 -1
40 0 0 -1 0 -1 0 -1 0 -1 -1
40 0 0 -1 0 -1 0 0 -1 -1 -1 
40 0 0 -1 0 0 -1 -1 -1 -1 0
40 0 0 -1 0 0 -1 -1 -1 0 -1
40 0 0 -1 0 0 -1 -1 0 -1 -1
40 0 0 -1 0 0 -1 0 -1 -1 -1 
40 0 0 -1 0 0 0 -1 -1 -1 -1 
40 0 0 0 -1 -1 -1 -1 -1 0 0
40 0 0 0 -1 -1 -1 -1 0 -1 0
40 0 0 0 -1 -1 -1 -1 0 0 -1
40 0 0 0 -1 -1 -1 0 -1 -1 0
40 0 0 0 -1 -1 -1 0 -1 0 -1
40 0 0 0 -1 -1 -1 0 0 -1 -1
40 0 0 0 -1 -1 0 -1 -1 -1 0
40 0 0 0 -1 -1 0 -1 -1 0 -1
40 0 0 0 -1 -1 0 -1 0 -1 -1 
40 0 0 0 -1 -1 0 0 -1 -1 -1 
40 0 0 0 -1 0 -1 -1 -1 -1 0
40 0 0 0 -1 0 -1 -1 -1 0 -1
40 0 0 0 -1 0 -1 -1 0 -1 -1 
40 0 0 0 -1 0 -1 0 -1 -1 -1 
40 0 0 0 -1 0 0 -1 -1 -1 -1 
40 0 0 0 0 -1 -1 -1 -1 -1 0
40 0 0 0 0 -1 -1 -1 -1 0 -1
40 0 0 0 0 -1 -1 -1 0 -1 -1
40 0 0 0 0 -1 -1 0 -1 -1 -1
40 0 0 0 0 -1 0 -1 -1 -1 -1 
40 0 0 0 0 0 -1 -1 -1 -1 -1
34 -1 -1 -1 -1 0 0 0 0 0 0
34 -1 -1 -1 0 -1 0 0 0 0 0
34 -1 -1 -1 0 0 -1 0 0 0 0
34 -1 -1 -1 0 0 0 -1 0 0 0
34 -1 -1 -1 0 0 0 0 -1 0 0
34 -1 -1 -1 0 0 0 0 0 -1 0
34 -1 -1 -1 0 0 0 0 0 0 -1
34 -1 -1 0 -1 -1 0 0 0 0 0
34 -1 -1 0 -1 0 -1 0 0 0 0
34 -1 -1 0 -1 0 0 -1 0 0 0
34 -1 -1 0 -1 0 0 0 -1 0 0
34 -1 -1 0 -1 0 0 0 0 -1 0
34 -1 -1 0 -1 0 0 0 0 0 -1
34 -1 -1 0 0 -1 -1 0 0 0 0
34 -1 -1 0 0 -1 0 -1 0 0 0
34 -1 -1 0 0 -1 0 0 -1 0 0
34 -1 -1 0 0 -1 0 0 0 -1 0
34 -1 -1 0 0 -1 0 0 0 0 -1
34 -1 -1 0 0 0 -1 -1 0 0 0
34 -1 -1 0 0 0 -1 0 -1 0 0
34 -1 -1 0 0 0 -1 0 0 -1 0
34 -1 -1 0 0 0 -1 0 0 0 -1
34 -1 -1 0 0 0 0 -1 -1 0 0
34 -1 -1 0 0 0 0 -1 0 -1 0
34 -1 -1 0 0 0 0 -1 0 0 -1
34 -1 -1 0 0 0 0 0 -1 -1 0
34 -1 -1 0 0 0 0 0 -1 0 -1
34 -1 -1 0 0 0 0 0 0 -1 -1 
34 -1 0 -1 -1 -1 0 0 0 0 0
34 -1 0 -1 -1 0 -1 0 0 0 0
34 -1 0 -1 -1 0 0 -1 0 0 0
34 -1 0 -1 -1 0 0 0 -1 0 0
34 -1 0 -1 -1 0 0 0 0 -1 0
34 -1 0 -1 -1 0 0 0 0 0 -1
34 -1 0 -1 0 -1 -1 0 0 0 0
34 -1 0 -1 0 -1 0 -1 0 0 0
34 -1 0 -1 0 -1 0 0 -1 0 0
34 -1 0 -1 0 -1 0 0 0 -1 0
34 -1 0 -1 0 -1 0 0 0 0 -1
34 -1 0 -1 0 0 -1 -1 0 0 0
34 -1 0 -1 0 0 -1 0 -1 0 0
34 -1 0 -1 0 0 -1 0 0 -1 0
34 -1 0 -1 0 0 -1 0 0 0 -1 
34 -1 0 -1 0 0 0 -1 -1 0 0
34 -1 0 -1 0 0 0 -1 0 -1 0
34 -1 0 -1 0 0 0 -1 0 0 -1
34 -1 0 -1 0 0 0 0 -1 -1 0
34 -1 0 -1 0 0 0 0 -1 0 -1 
34 -1 0 -1 0 0 0 0 0 -1 -1 
34 -1 0 0 -1 -1 -1 0 0 0 0
34 -1 0 0 -1 -1 0 -1 0 0 0
34 -1 0 0 -1 -1 0 0 -1 0 0
34 -1 0 0 -1 -1 0 0 0 -1 0
34 -1 0 0 -1 -1 0 0 0 0 -1
34 -1 0 0 -1 0 -1 -1 0 0 0
34 -1 0 0 -1 0 -1 0 -1 0 0
34 -1 0 0 -1 0 -1 0 0 -1 0
34 -1 0 0 -1 0 -1 0 0 0 -1
34 -1 0 0 -1 0 0 -1 -1 0 0
34 -1 0 0 -1 0 0 -1 0 -1 0
34 -1 0 0 -1 0 0 -1 0 0 -1
34 -1 0 0 -1 0 0 0 -1 -1 0
34 -1 0 0 -1 0 0 0 -1 0 -1
34 -1 0 0 -1 0 0 0 0 -1 -1
34 -1 0 0 0 -1 -1 -1 0 0 0
34 -1 0 0 0 -1 -1 0 -1 0 0
34 -1 0 0 0 -1 -1 0 0 -1 0
34 -1 0 0 0 -1 -1 0 0 0 -1
34 -1 0 0 0 -1 0 -1 -1 0 0
34 -1 0 0 0 -1 0 -1 0 -1 0
34 -1 0 0 0 -1 0 -1 0 0 -1
34 -1 0 0 0 -1 0 0 -1 -1 0
34 -1 0 0 0 -1 0 0 -1 0 -1
34 -1 0 0 0 -1 0 0 0 -1 -1 
34 -1 0 0 0 0 -1 -1 -1 0 0
34 -1 0 0 0 0 -1 -1 0 -1 0
34 -1 0 0 0 0 -1 -1 0 0 -1
34 -1 0 0 0 0 -1 0 -1 -1 0
34 -1 0 0 0 0 -1 0 -1 0 -1
34 -1 0 0 0 0 -1 0 0 -1 -1 
34 -1 0 0 0 0 0 -1 -1 -1 0
34 -1 0 0 0 0 0 -1 -1 0 -1
34 -1 0 0 0 0 0 -1 0 -1 -1
34 -1 0 0 0 0 0 0 -1 -1 -1
34 0 -1 -1 -1 -1 0 0 0 0 0
34 0 -1 -1 -1 0 -1 0 0 0 0
34 0 -1 -1 -1 0 0 -1 0 0 0
34 0 -1 -1 -1 0 0 0 -1 0 0
34 0 -1 -1 -1 0 0 0 0 -1 0
34 0 -1 -1 -1 0 0 0 0 0 -1
34 0 -1 -1 0 -1 -1 0 0 0 0
34 0 -1 -1 0 -1 0 -1 0 0 0
34 0 -1 -1 0 -1 0 0 -1 0 0
34 0 -1 -1 0 -1 0 0 0 -1 0
34 0 -1 -1 0 -1 0 0 0 0 -1 
34 0 -1 -1 0 0 -1 -1 0 0 0
34 0 -1 -1 0 0 -1 0 -1 0 0
34 0 -1 -1 0 0 -1 0 0 -1 0
34 0 -1 -1 0 0 -1 0 0 0 -1
34 0 -1 -1 0 0 0 -1 -1 0 0
34 0 -1 -1 0 0 0 -1 0 -1 0
34 0 -1 -1 0 0 0 -1 0 0 -1
34 0 -1 -1 0 0 0 0 -1 -1 0
34 0 -1 -1 0 0 0 0 -1 0 -1 
34 0 -1 -1 0 0 0 0 0 -1 -1
34 0 -1 0 -1 -1 -1 0 0 0 0
34 0 -1 0 -1 -1 0 -1 0 0 0
34 0 -1 0 -1 -1 0 0 -1 0 0
34 0 -1 0 -1 -1 0 0 0 -1 0
34 0 -1 0 -1 -1 0 0 0 0 -1
34 0 -1 0 -1 0 -1 -1 0 0 0
34 0 -1 0 -1 0 -1 0 -1 0 0
34 0 -1 0 -1 0 -1 0 0 -1 0
34 0 -1 0 -1 0 -1 0 0 0 -1
34 0 -1 0 -1 0 0 -1 -1 0 0
34 0 -1 0 -1 0 0 -1 0 -1 0
34 0 -1 0 -1 0 0 -1 0 0 -1
34 0 -1 0 -1 0 0 0 -1 -1 0
34 0 -1 0 -1 0 0 0 -1 0 -1
34 0 -1 0 -1 0 0 0 0 -1 -1 
34 0 -1 0 0 -1 -1 -1 0 0 0
34 0 -1 0 0 -1 -1 0 -1 0 0
34 0 -1 0 0 -1 -1 0 0 -1 0
34 0 -1 0 0 -1 -1 0 0 0 -1
34 0 -1 0 0 -1 0 -1 -1 0 0
34 0 -1 0 0 -1 0 -1 0 -1 0
34 0 -1 0 0 -1 0 -1 0 0 -1
34 0 -1 0 0 -1 0 0 -1 -1 0
34 0 -1 0 0 -1 0 0 -1 0 -1
34 0 -1 0 0 -1 0 0 0 -1 -1 
34 0 -1 0 0 0 -1 -1 -1 0 0
34 0 -1 0 0 0 -1 -1 0 -1 0
34 0 -1 0 0 0 -1 -1 0 0 -1
34 0 -1 0 0 0 -1 0 -1 -1 0
34 0 -1 0 0 0 -1 0 -1 0 -1
34 0 -1 0 0 0 -1 0 0 -1 -1
34 0 -1 0 0 0 0 -1 -1 -1 0
34 0 -1 0 0 0 0 -1 -1 0 -1
34 0 -1 0 0 0 0 -1 0 -1 -1
34 0 -1 0 0 0 0 0 -1 -1 -1
34 0 0 -1 -1 -1 -1 0 0 0 0
34 0 0 -1 -1 -1 0 -1 0 0 0
34 0 0 -1 -1 -1 0 0 -1 0 0
34 0 0 -1 -1 -1 0 0 0 -1 0
34 0 0 -1 -1 -1 0 0 0 0 -1
34 0 0 -1 -1 0 -1 -1 0 0 0
34 0 0 -1 -1 0 -1 0 -1 0 0
34 0 0 -1 -1 0 -1 0 0 -1 0
34 0 0 -1 -1 0 -1 0 0 0 -1
34 0 0 -1 -1 0 0 -1 -1 0 0
34 0 0 -1 -1 0 0 -1 0 -1 0
34 0 0 -1 -1 0 0 -1 0 0 -1
34 0 0 -1 -1 0 0 0 -1 -1 0
34 0 0 -1 -1 0 0 0 -1 0 -1 
34 0 0 -1 -1 0 0 0 0 -1 -1
34 0 0 -1 0 -1 -1 -1 0 0 0
34 0 0 -1 0 -1 -1 0 -1 0 0
34 0 0 -1 0 -1 -1 0 0 -1 0
34 0 0 -1 0 -1 -1 0 0 0 -1
34 0 0 -1 0 -1 0 -1 -1 0 0
34 0 0 -1 0 -1 0 -1 0 -1 0
34 0 0 -1 0 -1 0 -1 0 0 -1
34 0 0 -1 0 -1 0 0 -1 -1 0
34 0 0 -1 0 -1 0 0 -1 0 -1
34 0 0 -1 0 -1 0 0 0 -1 -1
34 0 0 -1 0 0 -1 -1 -1 0 0
34 0 0 -1 0 0 -1 -1 0 -1 0
34 0 0 -1 0 0 -1 -1 0 0 -1
34 0 0 -1 0 0 -1 0 -1 -1 0
34 0 0 -1 0 0 -1 0 -1 0 -1
34 0 0 -1 0 0 -1 0 0 -1 -1
34 0 0 -1 0 0 0 -1 -1 -1 0
34 0 0 -1 0 0 0 -1 -1 0 -1
34 0 0 -1 0 0 0 -1 0 -1 -1 
34 0 0 -1 0 0 0 0 -1 -1 -1
34 0 0 0 -1 -1 -1 -1 0 0 0
34 0 0 0 -1 -1 -1 0 -1 0 0
34 0 0 0 -1 -1 -1 0 0 -1 0
34 0 0 0 -1 -1 -1 0 0 0 -1
34 0 0 0 -1 -1 0 -1 -1 0 0
34 0 0 0 -1 -1 0 -1 0 -1 0
34 0 0 0 -1 -1 0 -1 0 0 -1
34 0 0 0 -1 -1 0 0 -1 -1 0
34 0 0 0 -1 -1 0 0 -1 0 -1
34 0 0 0 -1 -1 0 0 0 -1 -1
34 0 0 0 -1 0 -1 -1 -1 0 0
34 0 0 0 -1 0 -1 -1 0 -1 0
34 0 0 0 -1 0 -1 -1 0 0 -1
34 0 0 0 -1 0 -1 0 -1 -1 0
34 0 0 0 -1 0 -1 0 -1 0 -1
34 0 0 0 -1 0 -1 0 0 -1 -1 
34 0 0 0 -1 0 0 -1 -1 -1 0
34 0 0 0 -1 0 0 -1 -1 0 -1
34 0 0 0 -1 0 0 -1 0 -1 -1 
34 0 0 0 -1 0 0 0 -1 -1 -1
34 0 0 0 0 -1 -1 -1 -1 0 0
34 0 0 0 0 -1 -1 -1 0 -1 0
34 0 0 0 0 -1 -1 -1 0 0 -1
34 0 0 0 0 -1 -1 0 -1 -1 0
34 0 0 0 0 -1 -1 0 -1 0 -1
34 0 0 0 0 -1 -1 0 0 -1 -1
34 0 0 0 0 -1 0 -1 -1 -1 0
34 0 0 0 0 -1 0 -1 -1 0 -1 
34 0 0 0 0 -1 0 -1 0 -1 -1 
34 0 0 0 0 -1 0 0 -1 -1 -1
34 0 0 0 0 0 -1 -1 -1 -1 0
34 0 0 0 0 0 -1 -1 -1 0 -1
34 0 0 0 0 0 -1 -1 0 -1 -1
34 0 0 0 0 0 -1 0 -1 -1 -1
34 0 0 0 0 0 0 -1 -1 -1 -1
27 -1 -1 -1 0 0 0 0 0 0 0
27 -1 -1 0 -1 0 0 0 0 0 0
27 -1 -1 0 0 -1 0 0 0 0 0
27 -1 -1 0 0 0 -1 0 0 0 0
27 -1 -1 0 0 0 0 -1 0 0 0
27 -1 -1 0 0 0 0 0 -1 0 0
27 -1 -1 0 0 0 0 0 0 -1 0
27 -1 -1 0 0 0 0 0 0 0 -1 
27 -1 0 -1 -1 0 0 0 0 0 0
27 -1 0 -1 0 -1 0 0 0 0 0
27 -1 0 -1 0 0 -1 0 0 0 0
27 -1 0 -1 0 0 0 -1 0 0 0
27 -1 0 -1 0 0 0 0 -1 0 0
27 -1 0 -1 0 0 0 0 0 -1 0
27 -1 0 -1 0 0 0 0 0 0 -1
27 -1 0 0 -1 -1 0 0 0 0 0
27 -1 0 0 -1 0 -1 0 0 0 0
27 -1 0 0 -1 0 0 -1 0 0 0
27 -1 0 0 -1 0 0 0 -1 0 0
27 -1 0 0 -1 0 0 0 0 -1 0
27 -1 0 0 -1 0 0 0 0 0 -1
27 -1 0 0 0 -1 -1 0 0 0 0
27 -1 0 0 0 -1 0 -1 0 0 0
27 -1 0 0 0 -1 0 0 -1 0 0
27 -1 0 0 0 -1 0 0 0 -1 0
27 -1 0 0 0 -1 0 0 0 0 -1
27 -1 0 0 0 0 -1 -1 0 0 0
27 -1 0 0 0 0 -1 0 -1 0 0
27 -1 0 0 0 0 -1 0 0 -1 0
27 -1 0 0 0 0 -1 0 0 0 -1
27 -1 0 0 0 0 0 -1 -1 0 0
27 -1 0 0 0 0 0 -1 0 -1 0
27 -1 0 0 0 0 0 -1 0 0 -1
27 -1 0 0 0 0 0 0 -1 -1 0
27 -1 0 0 0 0 0 0 -1 0 -1
27 -1 0 0 0 0 0 0 0 -1 -1 
27 0 -1 -1 -1 0 0 0 0 0 0
27 0 -1 -1 0 -1 0 0 0 0 0
27 0 -1 -1 0 0 -1 0 0 0 0
27 0 -1 -1 0 0 0 -1 0 0 0
27 0 -1 -1 0 0 0 0 -1 0 0
27 0 -1 -1 0 0 0 0 0 -1 0
27 0 -1 -1 0 0 0 0 0 0 -1
27 0 -1 0 -1 -1 0 0 0 0 0
27 0 -1 0 -1 0 -1 0 0 0 0
27 0 -1 0 -1 0 0 -1 0 0 0
27 0 -1 0 -1 0 0 0 -1 0 0
27 0 -1 0 -1 0 0 0 0 -1 0
27 0 -1 0 -1 0 0 0 0 0 -1 
27 0 -1 0 0 -1 -1 0 0 0 0
27 0 -1 0 0 -1 0 -1 0 0 0
27 0 -1 0 0 -1 0 0 -1 0 0
27 0 -1 0 0 -1 0 0 0 -1 0
27 0 -1 0 0 -1 0 0 0 0 -1 
27 0 -1 0 0 0 -1 -1 0 0 0
27 0 -1 0 0 0 -1 0 -1 0 0
27 0 -1 0 0 0 -1 0 0 -1 0
27 0 -1 0 0 0 -1 0 0 0 -1
27 0 -1 0 0 0 0 -1 -1 0 0
27 0 -1 0 0 0 0 -1 0 -1 0
27 0 -1 0 0 0 0 -1 0 0 -1
27 0 -1 0 0 0 0 0 -1 -1 0
27 0 -1 0 0 0 0 0 -1 0 -1
27 0 -1 0 0 0 0 0 0 -1 -1
27 0 0 -1 -1 -1 0 0 0 0 0
27 0 0 -1 -1 0 -1 0 0 0 0
27 0 0 -1 -1 0 0 -1 0 0 0
27 0 0 -1 -1 0 0 0 -1 0 0
27 0 0 -1 -1 0 0 0 0 -1 0
27 0 0 -1 -1 0 0 0 0 0 -1
27 0 0 -1 0 -1 -1 0 0 0 0
27 0 0 -1 0 -1 0 -1 0 0 0
27 0 0 -1 0 -1 0 0 -1 0 0
27 0 0 -1 0 -1 0 0 0 -1 0
27 0 0 -1 0 -1 0 0 0 0 -1
27 0 0 -1 0 0 -1 -1 0 0 0
27 0 0 -1 0 0 -1 0 -1 0 0
27 0 0 -1 0 0 -1 0 0 -1 0
27 0 0 -1 0 0 -1 0 0 0 -1
27 0 0 -1 0 0 0 -1 -1 0 0
27 0 0 -1 0 0 0 -1 0 -1 0
27 0 0 -1 0 0 0 -1 0 0 -1
27 0 0 -1 0 0 0 0 -1 -1 0
27 0 0 -1 0 0 0 0 -1 0 -1
27 0 0 -1 0 0 0 0 0 -1 -1 
27 0 0 0 -1 -1 -1 0 0 0 0
27 0 0 0 -1 -1 0 -1 0 0 0
27 0 0 0 -1 -1 0 0 -1 0 0
27 0 0 0 -1 -1 0 0 0 -1 0
27 0 0 0 -1 -1 0 0 0 0 -1
27 0 0 0 -1 0 -1 -1 0 0 0
27 0 0 0 -1 0 -1 0 -1 0 0
27 0 0 0 -1 0 -1 0 0 -1 0
27 0 0 0 -1 0 -1 0 0 0 -1
27 0 0 0 -1 0 0 -1 -1 0 0
27 0 0 0 -1 0 0 -1 0 -1 0
27 0 0 0 -1 0 0 -1 0 0 -1
27 0 0 0 -1 0 0 0 -1 -1 0
27 0 0 0 -1 0 0 0 -1 0 -1
27 0 0 0 -1 0 0 0 0 -1 -1
27 0 0 0 0 -1 -1 -1 0 0 0
27 0 0 0 0 -1 -1 0 -1 0 0
27 0 0 0 0 -1 -1 0 0 -1 0
27 0 0 0 0 -1 -1 0 0 0 -1
27 0 0 0 0 -1 0 -1 -1 0 0
27 0 0 0 0 -1 0 -1 0 -1 0
27 0 0 0 0 -1 0 -1 0 0 -1 
27 0 0 0 0 -1 0 0 -1 -1 0
27 0 0 0 0 -1 0 0 -1 0 -1 
27 0 0 0 0 -1 0 0 0 -1 -1 
27 0 0 0 0 0 -1 -1 -1 0 0
27 0 0 0 0 0 -1 -1 0 -1 0
27 0 0 0 0 0 -1 -1 0 0 -1
27 0 0 0 0 0 -1 0 -1 -1 0
27 0 0 0 0 0 -1 0 -1 0 -1
27 0 0 0 0 0 -1 0 0 -1 -1 
27 0 0 0 0 0 0 -1 -1 -1 0
27 0 0 0 0 0 0 -1 -1 0 -1
27 0 0 0 0 0 0 -1 0 -1 -1
27 0 0 0 0 0 0 0 -1 -1 -1
19 -1 -1 0 0 0 0 0 0 0 0
19 -1 0 -1 0 0 0 0 0 0 0
19 -1 0 0 -1 0 0 0 0 0 0
19 -1 0 0 0 -1 0 0 0 0 0
19 -1 0 0 0 0 -1 0 0 0 0
19 -1 0 0 0 0 0 -1 0 0 0
19 -1 0 0 0 0 0 0 -1 0 0
19 -1 0 0 0 0 0 0 0 -1 0
19 -1 0 0 0 0 0 0 0 0 -1
19 0 -1 -1 0 0 0 0 0 0 0
19 0 -1 0 -1 0 0 0 0 0 0
19 0 -1 0 0 -1 0 0 0 0 0
19 0 -1 0 0 0 -1 0 0 0 0
19 0 -1 0 0 0 0 -1 0 0 0
19 0 -1 0 0 0 0 0 -1 0 0
19 0 -1 0 0 0 0 0 0 -1 0
19 0 -1 0 0 0 0 0 0 0 -1 
19 0 0 -1 -1 0 0 0 0 0 0
19 0 0 -1 0 -1 0 0 0 0 0
19 0 0 -1 0 0 -1 0 0 0 0
19 0 0 -1 0 0 0 -1 0 0 0
19 0 0 -1 0 0 0 0 -1 0 0
19 0 0 -1 0 0 0 0 0 -1 0
19 0 0 -1 0 0 0 0 0 0 -1
19 0 0 0 -1 -1 0 0 0 0 0
19 0 0 0 -1 0 -1 0 0 0 0
19 0 0 0 -1 0 0 -1 0 0 0
19 0 0 0 -1 0 0 0 -1 0 0
19 0 0 0 -1 0 0 0 0 -1 0
19 0 0 0 -1 0 0 0 0 0 -1 
19 0 0 0 0 -1 -1 0 0 0 0
19 0 0 0 0 -1 0 -1 0 0 0
19 0 0 0 0 -1 0 0 -1 0 0
19 0 0 0 0 -1 0 0 0 -1 0
19 0 0 0 0 -1 0 0 0 0 -1
19 0 0 0 0 0 -1 -1 0 0 0
19 0 0 0 0 0 -1 0 -1 0 0
19 0 0 0 0 0 -1 0 0 -1 0
19 0 0 0 0 0 -1 0 0 0 -1 
19 0 0 0 0 0 0 -1 -1 0 0
19 0 0 0 0 0 0 -1 0 -1 0
19 0 0 0 0 0 0 -1 0 0 -1
19 0 0 0 0 0 0 0 -1 -1 0
19 0 0 0 0 0 0 0 -1 0 -1 
19 0 0 0 0 0 0 0 0 -1 -1
10 -1 0 0 0 0 0 0 0 0 0
10 0 -1 0 0 0 0 0 0 0 0
10 0 0 -1 0 0 0 0 0 0 0
10 0 0 0 -1 0 0 0 0 0 0
10 0 0 0 0 -1 0 0 0 0 0
10 0 0 0 0 0 -1 0 0 0 0
10 0 0 0 0 0 0 -1 0 0 0
10 0 0 0 0 0 0 0 -1 0 0
10 0 0 0 0 0 0 0 0 -1 0
10 0 0 0 0 0 0 0 0 0 -1

