amb_space 31
number_field min_poly (a^4 - 5/4*a^2 + 5/16) embedding [0.951056516295154 +/- 6.36e-16]
equations 24
 (-2*a^2 + 1) (2*a^2 - 3/2) (-2*a^2 + 1) 1 (2*a^2 - 3/2) 0 0 0 0 0 0 0 0 0 0 0 0 0 0 0 0 0 0 0 0 0 0 0 0 0 0
 (-2*a^2 + 1) 0 0 0 0 (2*a^2 - 3/2) 0 (-2*a^2 + 1) 1 (2*a^2 - 3/2) 0 0 0 0 0 0 0 0 0 0 0 0 0 0 0 0 0 0 0 0 0
 0 (-2*a^2 + 1) 0 0 0 0 (2*a^2 - 3/2) (-2*a^2 + 1) 0 0 1 (2*a^2 - 3/2) 0 0 0 0 0 0 0 0 0 0 0 0 0 0 0 0 0 0 0
 0 0 (-2*a^2 + 1) 0 0 (2*a^2 - 3/2) 0 0 0 0 0 0 (-2*a^2 + 1) (2*a^2 - 3/2) 1 0 0 0 0 0 0 0 0 0 0 0 0 0 0 0 0
 0 0 0 (-2*a^2 + 1) 0 0 (2*a^2 - 3/2) 0 0 0 0 0 0 0 0 (-2*a^2 + 1) (2*a^2 - 3/2) 1 0 0 0 0 0 0 0 0 0 0 0 0 0
 0 0 0 0 (-2*a^2 + 1) 0 0 0 0 0 0 0 (2*a^2 - 3/2) 0 0 (-2*a^2 + 1) 0 0 1 (2*a^2 - 3/2) 0 0 0 0 0 0 0 0 0 0 0
 0 0 0 0 0 0 0 0 0 (-2*a^2 + 1) 0 (2*a^2 - 3/2) 0 0 0 0 0 0 0 0 (-2*a^2 + 1) (2*a^2 - 3/2) 1 0 0 0 0 0 0 0 0
 0 0 0 0 0 0 0 0 (-2*a^2 + 1) 0 0 0 0 0 (2*a^2 - 3/2) 0 0 0 0 0 (-2*a^2 + 1) 0 0 1 (2*a^2 - 3/2) 0 0 0 0 0 0
 0 0 0 0 0 0 0 0 0 0 (-2*a^2 + 1) 0 0 0 0 0 0 (2*a^2 - 3/2) 0 0 0 0 (-2*a^2 + 1) 0 0 (2*a^2 - 3/2) 1 0 0 0 0
 0 0 0 0 0 0 0 0 0 0 0 0 0 (-2*a^2 + 1) 0 0 0 0 (2*a^2 - 3/2) 0 0 0 0 (-2*a^2 + 1) 0 0 0 1 (2*a^2 - 3/2) 0 0
 0 0 0 0 0 0 0 0 0 0 0 0 0 0 0 0 (-2*a^2 + 1) 0 0 (2*a^2 - 3/2) 0 0 0 0 0 0 (-2*a^2 + 1) 1 0 (2*a^2 - 3/2) 0
 0 0 0 0 0 0 0 0 0 0 0 0 0 0 0 0 0 0 0 0 0 (-2*a^2 + 1) 0 0 (2*a^2 - 3/2) (-2*a^2 + 1) 0 0 1 (2*a^2 - 3/2) 0
 (4*a^3 - 3*a) (a) (-4*a^3 + 3*a) 0 (-a) 0 0 0 0 0 0 0 0 0 0 0 0 0 0 0 0 0 0 0 0 0 0 0 0 0 0
 (4*a^3 - 3*a) 0 0 0 0 (a) 0 (-4*a^3 + 3*a) 0 (-a) 0 0 0 0 0 0 0 0 0 0 0 0 0 0 0 0 0 0 0 0 0
 0 (4*a^3 - 3*a) 0 0 0 0 (a) (-4*a^3 + 3*a) 0 0 0 (-a) 0 0 0 0 0 0 0 0 0 0 0 0 0 0 0 0 0 0 0
 0 0 (4*a^3 - 3*a) 0 0 (a) 0 0 0 0 0 0 (-4*a^3 + 3*a) (-a) 0 0 0 0 0 0 0 0 0 0 0 0 0 0 0 0 0
 0 0 0 (4*a^3 - 3*a) 0 0 (a) 0 0 0 0 0 0 0 0 (-4*a^3 + 3*a) (-a) 0 0 0 0 0 0 0 0 0 0 0 0 0 0
 0 0 0 0 (4*a^3 - 3*a) 0 0 0 0 0 0 0 (a) 0 0 (-4*a^3 + 3*a) 0 0 0 (-a) 0 0 0 0 0 0 0 0 0 0 0
 0 0 0 0 0 0 0 0 0 (4*a^3 - 3*a) 0 (a) 0 0 0 0 0 0 0 0 (-4*a^3 + 3*a) (-a) 0 0 0 0 0 0 0 0 0
 0 0 0 0 0 0 0 0 (4*a^3 - 3*a) 0 0 0 0 0 (a) 0 0 0 0 0 (-4*a^3 + 3*a) 0 0 0 (-a) 0 0 0 0 0 0
 0 0 0 0 0 0 0 0 0 0 (4*a^3 - 3*a) 0 0 0 0 0 0 (a) 0 0 0 0 (-4*a^3 + 3*a) 0 0 (-a) 0 0 0 0 0
 0 0 0 0 0 0 0 0 0 0 0 0 0 (4*a^3 - 3*a) 0 0 0 0 (a) 0 0 0 0 (-4*a^3 + 3*a) 0 0 0 0 (-a) 0 0
 0 0 0 0 0 0 0 0 0 0 0 0 0 0 0 0 (4*a^3 - 3*a) 0 0 (a) 0 0 0 0 0 0 (-4*a^3 + 3*a) 0 0 (-a) 0
 0 0 0 0 0 0 0 0 0 0 0 0 0 0 0 0 0 0 0 0 0 (4*a^3 - 3*a) 0 0 (a) (-4*a^3 + 3*a) 0 0 0 (-a) 0
inequalities 30
 1 0 0 0 0 0 0 0 0 0 0 0 0 0 0 0 0 0 0 0 0 0 0 0 0 0 0 0 0 0 0
 0 1 0 0 0 0 0 0 0 0 0 0 0 0 0 0 0 0 0 0 0 0 0 0 0 0 0 0 0 0 0
 0 0 1 0 0 0 0 0 0 0 0 0 0 0 0 0 0 0 0 0 0 0 0 0 0 0 0 0 0 0 0
 0 0 0 1 0 0 0 0 0 0 0 0 0 0 0 0 0 0 0 0 0 0 0 0 0 0 0 0 0 0 0
 0 0 0 0 1 0 0 0 0 0 0 0 0 0 0 0 0 0 0 0 0 0 0 0 0 0 0 0 0 0 0
 0 0 0 0 0 1 0 0 0 0 0 0 0 0 0 0 0 0 0 0 0 0 0 0 0 0 0 0 0 0 0
 0 0 0 0 0 0 1 0 0 0 0 0 0 0 0 0 0 0 0 0 0 0 0 0 0 0 0 0 0 0 0
 0 0 0 0 0 0 0 1 0 0 0 0 0 0 0 0 0 0 0 0 0 0 0 0 0 0 0 0 0 0 0
 0 0 0 0 0 0 0 0 1 0 0 0 0 0 0 0 0 0 0 0 0 0 0 0 0 0 0 0 0 0 0
 0 0 0 0 0 0 0 0 0 1 0 0 0 0 0 0 0 0 0 0 0 0 0 0 0 0 0 0 0 0 0
 0 0 0 0 0 0 0 0 0 0 1 0 0 0 0 0 0 0 0 0 0 0 0 0 0 0 0 0 0 0 0
 0 0 0 0 0 0 0 0 0 0 0 1 0 0 0 0 0 0 0 0 0 0 0 0 0 0 0 0 0 0 0
 0 0 0 0 0 0 0 0 0 0 0 0 1 0 0 0 0 0 0 0 0 0 0 0 0 0 0 0 0 0 0
 0 0 0 0 0 0 0 0 0 0 0 0 0 1 0 0 0 0 0 0 0 0 0 0 0 0 0 0 0 0 0
 0 0 0 0 0 0 0 0 0 0 0 0 0 0 1 0 0 0 0 0 0 0 0 0 0 0 0 0 0 0 0
 0 0 0 0 0 0 0 0 0 0 0 0 0 0 0 1 0 0 0 0 0 0 0 0 0 0 0 0 0 0 0
 0 0 0 0 0 0 0 0 0 0 0 0 0 0 0 0 1 0 0 0 0 0 0 0 0 0 0 0 0 0 0
 0 0 0 0 0 0 0 0 0 0 0 0 0 0 0 0 0 1 0 0 0 0 0 0 0 0 0 0 0 0 0
 0 0 0 0 0 0 0 0 0 0 0 0 0 0 0 0 0 0 1 0 0 0 0 0 0 0 0 0 0 0 0
 0 0 0 0 0 0 0 0 0 0 0 0 0 0 0 0 0 0 0 1 0 0 0 0 0 0 0 0 0 0 0
 0 0 0 0 0 0 0 0 0 0 0 0 0 0 0 0 0 0 0 0 1 0 0 0 0 0 0 0 0 0 0
 0 0 0 0 0 0 0 0 0 0 0 0 0 0 0 0 0 0 0 0 0 1 0 0 0 0 0 0 0 0 0
 0 0 0 0 0 0 0 0 0 0 0 0 0 0 0 0 0 0 0 0 0 0 1 0 0 0 0 0 0 0 0
 0 0 0 0 0 0 0 0 0 0 0 0 0 0 0 0 0 0 0 0 0 0 0 1 0 0 0 0 0 0 0
 0 0 0 0 0 0 0 0 0 0 0 0 0 0 0 0 0 0 0 0 0 0 0 0 1 0 0 0 0 0 0
 0 0 0 0 0 0 0 0 0 0 0 0 0 0 0 0 0 0 0 0 0 0 0 0 0 1 0 0 0 0 0
 0 0 0 0 0 0 0 0 0 0 0 0 0 0 0 0 0 0 0 0 0 0 0 0 0 0 1 0 0 0 0
 0 0 0 0 0 0 0 0 0 0 0 0 0 0 0 0 0 0 0 0 0 0 0 0 0 0 0 1 0 0 0
 0 0 0 0 0 0 0 0 0 0 0 0 0 0 0 0 0 0 0 0 0 0 0 0 0 0 0 0 1 0 0
 0 0 0 0 0 0 0 0 0 0 0 0 0 0 0 0 0 0 0 0 0 0 0 0 0 0 0 0 0 1 0
