28
10
1 13 -1 -1 -1 -1 -1 -1 -1 3
1 9 -1 -1 -1 -1 -1 -1 3 -1
1 1 -1 -1 -1 -1 -1 -1 -1 -1
1 1 -1 -1 -1 -1 -1 3 -1 -1
1 -1 -1 -1 -1 -1 -1 3 -1 -1
1 -1 1 -1 -1 -1 -1 3 -1 -1
1 -1 -1 1 -1 -1 -1 3 -1 -1
1 -1 -1 -1 1 -1 -1 3 -1 -1
1 -1 -1 -1 -1 1 -1 3 -1 -1
1 -1 -1 -1 -1 -1 1 3 -1 -1
1 -1 -1 -1 -1 -1 -1 -1 -1 -1
1 -1 -1 -1 -1 -1 -1 -1 3 -1
1 -1 -1 -1 -1 -1 -1 -1 -1 3
1 -1 1 -1 -1 -1 -1 -1 -1 -1
1 -1 9 -1 -1 -1 -1 -1 3 -1
1 -1 13 -1 -1 -1 -1 -1 -1 3
1 -1 -1 1 -1 -1 -1 -1 -1 -1
1 -1 -1 9 -1 -1 -1 -1 3 -1
1 -1 -1 13 -1 -1 -1 -1 -1 3
1 -1 -1 -1 1 -1 -1 -1 -1 -1
1 -1 -1 -1 9 -1 -1 -1 3 -1
1 -1 -1 -1 13 -1 -1 -1 -1 3
1 -1 -1 -1 -1 1 -1 -1 -1 -1
1 -1 -1 -1 -1 9 -1 -1 3 -1
1 -1 -1 -1 -1 13 -1 -1 -1 3
1 -1 -1 -1 -1 -1 1 -1 -1 -1
1 -1 -1 -1 -1 -1 9 -1 3 -1
1 -1 -1 -1 -1 -1 13 -1 -1 3
integral_closure
