amb_space 30
equations 10
1 1 1 1 1   -1 -1 -1 -1 -1   0 0 0 0 0 0 0 0 0 0 0 0 0 0 0 0 0 0 0 0
0 0 0 0 0    1  1  1  1  1 -1 -1 -1 -1 -1 0 0 0 0 0 0 0 0 0 0 0 0 0 0 0 
0 0 0 0 0    0  0  0  0  0 1 1 1 1 1 -1 -1 -1 -1 -1 0 0 0 0 0 0 0 0 0 0 
0 0 0 0 0    0  0  0  0  0 0 0 0 0 0 1 1 1 1 1 -1 -1 -1 -1 -1 0 0 0 0 0 
0 0 0 0 0    0  0  0  0  0 0 0 0 0 0 0 0 0 0 0 1 1 1 1 1 -1 -1 -1 -1 -1
1 1 1 1 1   -1  0  0  0  0 -1 0 0 0 0 -1 0 0 0 0 -1 0 0 0 0 -1 0 0 0 0 
1 1 1 1 1    0 -1  0  0  0 0 -1 0 0 0 0 -1 0 0 0 0 -1 0 0 0 0 -1 0 0 0 
1 1 1 1 1    0  0 -1  0  0 0 0 -1 0 0 0 0 -1 0 0 0 0 -1 0 0 0 0 -1 0 0 
1 1 1 1 1    0  0  0 -1  0 0 0 0 -1 0 0 0 0 -1 0 0 0 0 -1 0 0 0 0 -1 0 
1 1 1 1 1    0  0  0  0 -1  0 0 0 0 -1 0 0 0 0 -1 0 0 0 0 -1 0 0 0 0 -1
grading
1 1 1 1 1    0  0 0 0 0 0 0 0 0 0 0 0 0 0 0 0 0 0 0 0 0 0 0 0 0 